2022.01.03 09:15:00	2	WDO@N	sell	in	1	5 626,000	2	0,00	0,00	0,00	1 000,00
2022.01.03 09:41:17	3	WDO@N	buy	out	1	5 600,500	3	0,00	0,00	 255,00	1 255,00
2022.01.04 09:30:00	4	WDO@N	sell	in	1	5 728,000	4	0,00	0,00	0,00	1 255,00
2022.01.04 10:39:59	5	WDO@N	buy	out	1	5 743,500	5	0,00	0,00	- 155,00	1 100,00
2022.01.05 09:15:00	6	WDO@N	buy	in	1	5 692,000	6	0,00	0,00	0,00	1 100,00
2022.01.05 09:37:14	7	WDO@N	sell	out	1	5 717,500	7	0,00	0,00	 255,00	1 355,00
2022.01.06 09:30:00	8	WDO@N	sell	in	1	5 753,500	8	0,00	0,00	0,00	1 355,00
2022.01.06 09:57:41	9	WDO@N	buy	out	1	5 727,500	9	0,00	0,00	 260,00	1 615,00
2022.01.07 09:45:00	10	WDO@N	sell	in	1	5 727,000	10	0,00	0,00	0,00	1 615,00
2022.01.07 10:30:10	11	WDO@N	buy	out	1	5 700,500	11	0,00	0,00	 265,00	1 880,00
2022.01.10 09:45:00	12	WDO@N	sell	in	1	5 685,500	12	0,00	0,00	0,00	1 880,00
2022.01.10 11:02:29	13	WDO@N	buy	out	1	5 700,500	13	0,00	0,00	- 150,00	1 730,00
2022.01.11 09:45:00	14	WDO@N	sell	in	1	5 699,500	14	0,00	0,00	0,00	1 730,00
2022.01.11 10:05:07	15	WDO@N	buy	out	1	5 674,500	15	0,00	0,00	 250,00	1 980,00
2022.01.12 09:15:00	16	WDO@N	sell	in	1	5 619,500	16	0,00	0,00	0,00	1 980,00
2022.01.12 10:34:18	17	WDO@N	buy	out	1	5 594,000	17	0,00	0,00	 255,00	2 235,00
2022.01.13 10:00:00	18	WDO@N	sell	in	1	5 567,500	18	0,00	0,00	0,00	2 235,00
2022.01.13 11:02:23	19	WDO@N	buy	out	1	5 542,500	19	0,00	0,00	 250,00	2 485,00
2022.01.14 09:30:00	20	WDO@N	sell	in	1	5 562,500	20	0,00	0,00	0,00	2 485,00
2022.01.14 16:02:08	21	WDO@N	buy	out	1	5 537,000	21	0,00	0,00	 255,00	2 740,00
2022.01.17 09:15:00	22	WDO@N	buy	in	1	5 534,500	22	0,00	0,00	0,00	2 740,00
2022.01.17 10:28:09	23	WDO@N	sell	out	1	5 520,000	23	0,00	0,00	- 145,00	2 595,00
2022.01.18 09:15:00	24	WDO@N	sell	in	1	5 559,000	24	0,00	0,00	0,00	2 595,00
2022.01.18 10:34:19	25	WDO@N	buy	out	1	5 534,000	25	0,00	0,00	 250,00	2 845,00
2022.01.19 09:15:00	26	WDO@N	buy	in	1	5 553,000	26	0,00	0,00	0,00	2 845,00
2022.01.19 09:47:21	27	WDO@N	sell	out	1	5 537,500	27	0,00	0,00	- 155,00	2 690,00
2022.01.20 10:15:00	28	WDO@N	buy	in	1	5 447,500	28	0,00	0,00	0,00	2 690,00
2022.01.20 10:23:32	29	WDO@N	sell	out	1	5 432,500	29	0,00	0,00	- 150,00	2 540,00
2022.01.21 09:15:00	30	WDO@N	sell	in	1	5 467,000	30	0,00	0,00	0,00	2 540,00
2022.01.21 10:05:14	31	WDO@N	buy	out	1	5 482,000	31	0,00	0,00	- 150,00	2 390,00
2022.01.24 09:45:00	32	WDO@N	buy	in	1	5 479,500	32	0,00	0,00	0,00	2 390,00
2022.01.24 11:47:14	33	WDO@N	sell	out	1	5 506,000	33	0,00	0,00	 265,00	2 655,00
2022.01.25 09:15:00	34	WDO@N	sell	in	1	5 521,000	34	0,00	0,00	0,00	2 655,00
2022.01.25 11:18:14	35	WDO@N	buy	out	1	5 495,500	35	0,00	0,00	 255,00	2 910,00
2022.01.26 09:15:00	36	WDO@N	sell	in	1	5 444,500	36	0,00	0,00	0,00	2 910,00
2022.01.26 10:15:16	37	WDO@N	buy	out	1	5 420,000	37	0,00	0,00	 245,00	3 155,00
2022.01.27 09:15:00	38	WDO@N	buy	in	1	5 422,500	38	0,00	0,00	0,00	3 155,00
2022.01.27 09:26:10	39	WDO@N	sell	out	1	5 407,500	39	0,00	0,00	- 150,00	3 005,00
2022.01.28 09:15:00	40	WDO@N	buy	in	1	5 419,000	40	0,00	0,00	0,00	3 005,00
2022.01.28 09:51:16	41	WDO@N	sell	out	1	5 403,500	41	0,00	0,00	- 155,00	2 850,00
2022.01.31 09:15:00	42	WDO@N	sell	in	1	5 423,500	42	0,00	0,00	0,00	2 850,00
2022.01.31 10:39:21	43	WDO@N	buy	out	1	5 398,000	43	0,00	0,00	 255,00	3 105,00
2022.02.01 09:15:00	44	WDO@N	buy	in	1	5 322,000	44	0,00	0,00	0,00	3 105,00
2022.02.01 10:33:16	45	WDO@N	sell	out	1	5 347,500	45	0,00	0,00	 255,00	3 360,00
2022.02.02 10:15:00	46	WDO@N	sell	in	1	5 304,000	46	0,00	0,00	0,00	3 360,00
2022.02.02 10:24:41	47	WDO@N	buy	out	1	5 318,500	47	0,00	0,00	- 145,00	3 215,00
2022.02.03 09:15:00	48	WDO@N	sell	in	1	5 320,500	48	0,00	0,00	0,00	3 215,00
2022.02.03 09:37:21	49	WDO@N	buy	out	1	5 335,000	49	0,00	0,00	- 145,00	3 070,00
2022.02.04 09:15:00	50	WDO@N	buy	in	1	5 314,000	50	0,00	0,00	0,00	3 070,00
2022.02.04 10:15:21	51	WDO@N	sell	out	1	5 340,000	51	0,00	0,00	 260,00	3 330,00
2022.02.07 09:45:00	52	WDO@N	buy	in	1	5 328,000	52	0,00	0,00	0,00	3 330,00
2022.02.07 13:13:10	53	WDO@N	sell	out	1	5 313,000	53	0,00	0,00	- 150,00	3 180,00
2022.02.08 09:15:00	54	WDO@N	buy	in	1	5 287,000	54	0,00	0,00	0,00	3 180,00
2022.02.08 10:08:02	55	WDO@N	sell	out	1	5 312,000	55	0,00	0,00	 250,00	3 430,00
2022.02.09 09:15:00	56	WDO@N	buy	in	1	5 267,000	56	0,00	0,00	0,00	3 430,00
2022.02.09 09:55:13	57	WDO@N	sell	out	1	5 292,000	57	0,00	0,00	 250,00	3 680,00
2022.02.10 09:45:00	58	WDO@N	sell	in	1	5 262,000	58	0,00	0,00	0,00	3 680,00
2022.02.10 10:14:13	59	WDO@N	buy	out	1	5 237,000	59	0,00	0,00	 250,00	3 930,00
2022.02.11 09:15:00	60	WDO@N	buy	in	1	5 237,000	60	0,00	0,00	0,00	3 930,00
2022.02.11 09:26:21	61	WDO@N	sell	out	1	5 222,000	61	0,00	0,00	- 150,00	3 780,00
2022.02.14 09:30:00	62	WDO@N	buy	in	1	5 262,500	62	0,00	0,00	0,00	3 780,00
2022.02.14 09:39:06	63	WDO@N	sell	out	1	5 247,500	63	0,00	0,00	- 150,00	3 630,00
2022.02.15 09:15:00	64	WDO@N	sell	in	1	5 224,000	64	0,00	0,00	0,00	3 630,00
2022.02.15 10:58:14	65	WDO@N	buy	out	1	5 199,000	65	0,00	0,00	 250,00	3 880,00
2022.02.16 09:45:00	66	WDO@N	buy	in	1	5 171,500	66	0,00	0,00	0,00	3 880,00
2022.02.16 15:14:19	67	WDO@N	sell	out	1	5 156,500	67	0,00	0,00	- 150,00	3 730,00
2022.02.17 09:15:00	68	WDO@N	buy	in	1	5 146,500	68	0,00	0,00	0,00	3 730,00
2022.02.17 11:20:20	69	WDO@N	sell	out	1	5 171,000	69	0,00	0,00	 245,00	3 975,00
2022.02.18 09:15:00	70	WDO@N	buy	in	1	5 166,500	70	0,00	0,00	0,00	3 975,00
2022.02.18 09:31:59	71	WDO@N	sell	out	1	5 151,500	71	0,00	0,00	- 150,00	3 825,00
2022.02.21 09:15:00	72	WDO@N	sell	in	1	5 152,000	72	0,00	0,00	0,00	3 825,00
2022.02.21 10:10:41	73	WDO@N	buy	out	1	5 127,000	73	0,00	0,00	 250,00	4 075,00
2022.02.22 09:15:00	74	WDO@N	buy	in	1	5 087,500	74	0,00	0,00	0,00	4 075,00
2022.02.22 10:34:29	75	WDO@N	sell	out	1	5 072,000	75	0,00	0,00	- 155,00	3 920,00
2022.02.23 09:15:00	76	WDO@N	buy	in	1	5 024,000	76	0,00	0,00	0,00	3 920,00
2022.02.23 10:12:20	77	WDO@N	sell	out	1	5 009,000	77	0,00	0,00	- 150,00	3 770,00
2022.02.24 09:15:00	78	WDO@N	buy	in	1	5 041,000	78	0,00	0,00	0,00	3 770,00
2022.02.24 09:37:02	79	WDO@N	sell	out	1	5 066,000	79	0,00	0,00	 250,00	4 020,00
2022.02.25 09:15:00	80	WDO@N	buy	in	1	5 133,000	80	0,00	0,00	0,00	4 020,00
2022.02.25 09:45:01	81	WDO@N	sell	out	1	5 160,000	81	0,00	0,00	 270,00	4 290,00
2022.03.02 13:15:00	82	WDO@N	buy	in	1	5 232,500	82	0,00	0,00	0,00	4 290,00
2022.03.02 13:17:21	83	WDO@N	sell	out	1	5 216,000	83	0,00	0,00	- 165,00	4 125,00
2022.03.03 09:30:00	84	WDO@N	buy	in	1	5 135,000	84	0,00	0,00	0,00	4 125,00
2022.03.03 09:34:10	85	WDO@N	sell	out	1	5 118,500	85	0,00	0,00	- 165,00	3 960,00
2022.03.04 09:30:00	86	WDO@N	sell	in	1	5 093,000	86	0,00	0,00	0,00	3 960,00
2022.03.04 10:18:43	87	WDO@N	buy	out	1	5 108,500	87	0,00	0,00	- 155,00	3 805,00
2022.03.07 09:30:00	88	WDO@N	buy	in	1	5 090,500	88	0,00	0,00	0,00	3 805,00
2022.03.07 10:27:14	89	WDO@N	sell	out	1	5 075,500	89	0,00	0,00	- 150,00	3 655,00
2022.03.08 09:15:00	90	WDO@N	buy	in	1	5 108,000	90	0,00	0,00	0,00	3 655,00
2022.03.08 10:41:14	91	WDO@N	sell	out	1	5 134,000	91	0,00	0,00	 260,00	3 915,00
2022.03.10 09:45:00	92	WDO@N	sell	in	1	5 072,000	92	0,00	0,00	0,00	3 915,00
2022.03.10 10:25:16	93	WDO@N	buy	out	1	5 087,500	93	0,00	0,00	- 155,00	3 760,00
2022.03.11 10:00:00	94	WDO@N	sell	in	1	5 036,000	94	0,00	0,00	0,00	3 760,00
2022.03.11 11:04:02	95	WDO@N	buy	out	1	5 051,500	95	0,00	0,00	- 155,00	3 605,00
2022.03.14 09:30:00	96	WDO@N	buy	in	1	5 075,500	96	0,00	0,00	0,00	3 605,00
2022.03.14 10:49:16	97	WDO@N	sell	out	1	5 100,500	97	0,00	0,00	 250,00	3 855,00
2022.03.15 10:00:00	98	WDO@N	sell	in	1	5 139,000	98	0,00	0,00	0,00	3 855,00
2022.03.15 10:06:20	99	WDO@N	buy	out	1	5 153,500	99	0,00	0,00	- 145,00	3 710,00
2022.03.16 09:15:00	100	WDO@N	buy	in	1	5 149,000	100	0,00	0,00	0,00	3 710,00
2022.03.16 09:49:43	101	WDO@N	sell	out	1	5 174,000	101	0,00	0,00	 250,00	3 960,00
2022.03.17 09:15:00	102	WDO@N	sell	in	1	5 117,000	102	0,00	0,00	0,00	3 960,00
2022.03.17 09:31:21	103	WDO@N	buy	out	1	5 092,500	103	0,00	0,00	 245,00	4 205,00
2022.03.18 09:45:00	104	WDO@N	sell	in	1	5 074,500	104	0,00	0,00	0,00	4 205,00
2022.03.18 10:09:38	105	WDO@N	buy	out	1	5 089,500	105	0,00	0,00	- 150,00	4 055,00
2022.03.21 09:15:00	106	WDO@N	buy	in	1	5 027,500	106	0,00	0,00	0,00	4 055,00
2022.03.21 10:05:16	107	WDO@N	sell	out	1	5 012,500	107	0,00	0,00	- 150,00	3 905,00
2022.03.22 09:30:00	108	WDO@N	buy	in	1	4 927,500	108	0,00	0,00	0,00	3 905,00
2022.03.22 10:45:10	109	WDO@N	sell	out	1	4 952,000	109	0,00	0,00	 245,00	4 150,00
2022.03.23 09:15:00	110	WDO@N	buy	in	1	4 917,000	110	0,00	0,00	0,00	4 150,00
2022.03.23 10:52:14	111	WDO@N	sell	out	1	4 902,000	111	0,00	0,00	- 150,00	4 000,00
2022.03.24 09:15:00	112	WDO@N	buy	in	1	4 821,500	112	0,00	0,00	0,00	4 000,00
2022.03.24 10:11:19	113	WDO@N	sell	out	1	4 846,500	113	0,00	0,00	 250,00	4 250,00
2022.03.25 09:15:00	114	WDO@N	buy	in	1	4 822,000	114	0,00	0,00	0,00	4 250,00
2022.03.25 09:27:21	115	WDO@N	sell	out	1	4 807,500	115	0,00	0,00	- 145,00	4 105,00
2022.03.28 09:15:00	116	WDO@N	sell	in	1	4 759,500	116	0,00	0,00	0,00	4 105,00
2022.03.28 09:33:21	117	WDO@N	buy	out	1	4 775,000	117	0,00	0,00	- 155,00	3 950,00
2022.03.29 09:15:00	118	WDO@N	buy	in	1	4 734,500	118	0,00	0,00	0,00	3 950,00
2022.03.29 09:38:14	119	WDO@N	sell	out	1	4 760,500	119	0,00	0,00	 260,00	4 210,00
2022.03.30 09:15:00	120	WDO@N	buy	in	1	4 750,000	120	0,00	0,00	0,00	4 210,00
2022.03.30 09:57:10	121	WDO@N	sell	out	1	4 735,000	121	0,00	0,00	- 150,00	4 060,00
2022.03.31 10:00:00	122	WDO@N	buy	in	1	4 800,500	122	0,00	0,00	0,00	4 060,00
2022.03.31 10:03:21	123	WDO@N	sell	out	1	4 785,000	123	0,00	0,00	- 155,00	3 905,00
2022.04.01 09:15:00	124	WDO@N	buy	in	1	4 759,500	124	0,00	0,00	0,00	3 905,00
2022.04.01 09:30:14	125	WDO@N	sell	out	1	4 744,500	125	0,00	0,00	- 150,00	3 755,00
2022.04.04 09:15:00	126	WDO@N	buy	in	1	4 682,500	126	0,00	0,00	0,00	3 755,00
2022.04.04 09:40:19	127	WDO@N	sell	out	1	4 667,500	127	0,00	0,00	- 150,00	3 605,00
2022.04.05 09:30:00	128	WDO@N	sell	in	1	4 646,000	128	0,00	0,00	0,00	3 605,00
2022.04.05 10:15:06	129	WDO@N	buy	out	1	4 661,000	129	0,00	0,00	- 150,00	3 455,00
2022.04.06 09:15:00	130	WDO@N	sell	in	1	4 697,500	130	0,00	0,00	0,00	3 455,00
2022.04.06 09:56:07	131	WDO@N	buy	out	1	4 713,500	131	0,00	0,00	- 160,00	3 295,00
2022.04.07 10:00:00	132	WDO@N	buy	in	1	4 726,500	132	0,00	0,00	0,00	3 295,00
2022.04.07 10:09:21	133	WDO@N	sell	out	1	4 752,500	133	0,00	0,00	 260,00	3 555,00
2022.04.08 09:30:00	134	WDO@N	buy	in	1	4 754,500	134	0,00	0,00	0,00	3 555,00
2022.04.08 10:18:09	135	WDO@N	sell	out	1	4 779,500	135	0,00	0,00	 250,00	3 805,00
2022.04.11 09:15:00	136	WDO@N	sell	in	1	4 753,000	136	0,00	0,00	0,00	3 805,00
2022.04.11 09:30:14	137	WDO@N	buy	out	1	4 728,000	137	0,00	0,00	 250,00	4 055,00
2022.04.12 09:15:00	138	WDO@N	sell	in	1	4 713,500	138	0,00	0,00	0,00	4 055,00
2022.04.12 09:30:05	139	WDO@N	buy	out	1	4 688,000	139	0,00	0,00	 255,00	4 310,00
2022.04.13 09:15:00	140	WDO@N	buy	in	1	4 682,000	140	0,00	0,00	0,00	4 310,00
2022.04.13 09:39:02	141	WDO@N	sell	out	1	4 706,500	141	0,00	0,00	 245,00	4 555,00
2022.04.14 09:15:00	142	WDO@N	sell	in	1	4 726,500	142	0,00	0,00	0,00	4 555,00
2022.04.14 09:33:21	143	WDO@N	buy	out	1	4 742,000	143	0,00	0,00	- 155,00	4 400,00
2022.04.18 09:15:00	144	WDO@N	sell	in	1	4 720,000	144	0,00	0,00	0,00	4 400,00
2022.04.18 09:35:20	145	WDO@N	buy	out	1	4 694,500	145	0,00	0,00	 255,00	4 655,00
2022.04.19 09:15:00	146	WDO@N	buy	in	1	4 664,500	146	0,00	0,00	0,00	4 655,00
2022.04.19 11:37:21	147	WDO@N	sell	out	1	4 689,500	147	0,00	0,00	 250,00	4 905,00
2022.04.20 09:15:00	148	WDO@N	sell	in	1	4 673,500	148	0,00	0,00	0,00	4 905,00
2022.04.20 09:48:21	149	WDO@N	buy	out	1	4 688,500	149	0,00	0,00	- 150,00	4 755,00
2022.04.22 09:15:00	150	WDO@N	sell	in	1	4 717,000	150	0,00	0,00	0,00	4 755,00
2022.04.22 09:41:16	151	WDO@N	buy	out	1	4 691,500	151	0,00	0,00	 255,00	5 010,00
2022.04.25 09:15:00	152	WDO@N	sell	in	1	4 843,000	152	0,00	0,00	0,00	5 010,00
2022.04.25 09:56:05	153	WDO@N	buy	out	1	4 818,000	153	0,00	0,00	 250,00	5 260,00
2022.04.26 09:15:00	154	WDO@N	sell	in	1	4 923,500	154	0,00	0,00	0,00	5 260,00
2022.04.26 09:25:21	155	WDO@N	buy	out	1	4 938,500	155	0,00	0,00	- 150,00	5 110,00
2022.04.27 09:15:00	156	WDO@N	sell	in	1	5 015,500	156	0,00	0,00	0,00	5 110,00
2022.04.27 09:25:04	157	WDO@N	buy	out	1	5 030,500	157	0,00	0,00	- 150,00	4 960,00
2022.04.28 09:15:00	158	WDO@N	sell	in	1	5 005,500	158	0,00	0,00	0,00	4 960,00
2022.04.28 09:57:21	159	WDO@N	buy	out	1	5 020,500	159	0,00	0,00	- 150,00	4 810,00
2022.05.02 09:15:00	160	WDO@N	sell	in	1	5 032,000	160	0,00	0,00	0,00	4 810,00
2022.05.02 09:43:08	161	WDO@N	buy	out	1	5 047,500	161	0,00	0,00	- 155,00	4 655,00
2022.05.03 09:45:00	162	WDO@N	sell	in	1	5 090,000	162	0,00	0,00	0,00	4 655,00
2022.05.03 10:53:10	163	WDO@N	buy	out	1	5 064,000	163	0,00	0,00	 260,00	4 915,00
2022.05.04 09:15:00	164	WDO@N	sell	in	1	5 020,000	164	0,00	0,00	0,00	4 915,00
2022.05.04 09:48:20	165	WDO@N	buy	out	1	5 035,000	165	0,00	0,00	- 150,00	4 765,00
2022.05.05 09:15:00	166	WDO@N	buy	in	1	4 978,500	166	0,00	0,00	0,00	4 765,00
2022.05.05 09:28:20	167	WDO@N	sell	out	1	5 005,000	167	0,00	0,00	 265,00	5 030,00
2022.05.06 09:30:00	168	WDO@N	sell	in	1	5 092,500	168	0,00	0,00	0,00	5 030,00
2022.05.06 09:30:08	169	WDO@N	buy	out	1	5 067,500	169	0,00	0,00	 250,00	5 280,00
2022.05.09 09:30:00	170	WDO@N	buy	in	1	5 164,000	170	0,00	0,00	0,00	5 280,00
2022.05.09 10:05:08	171	WDO@N	sell	out	1	5 149,000	171	0,00	0,00	- 150,00	5 130,00
2022.05.10 09:15:00	172	WDO@N	buy	in	1	5 172,000	172	0,00	0,00	0,00	5 130,00
2022.05.10 10:06:29	173	WDO@N	sell	out	1	5 157,000	173	0,00	0,00	- 150,00	4 980,00
2022.05.11 09:30:00	174	WDO@N	sell	in	1	5 151,500	174	0,00	0,00	0,00	4 980,00
2022.05.11 09:30:04	175	WDO@N	buy	out	1	5 167,500	175	0,00	0,00	- 160,00	4 820,00
2022.05.12 09:15:00	176	WDO@N	sell	in	1	5 233,000	176	0,00	0,00	0,00	4 820,00
2022.05.12 09:33:21	177	WDO@N	buy	out	1	5 208,500	177	0,00	0,00	 245,00	5 065,00
2022.05.13 09:30:00	178	WDO@N	sell	in	1	5 166,500	178	0,00	0,00	0,00	5 065,00
2022.05.13 11:02:15	179	WDO@N	buy	out	1	5 141,500	179	0,00	0,00	 250,00	5 315,00
2022.05.16 09:15:00	180	WDO@N	buy	in	1	5 093,500	180	0,00	0,00	0,00	5 315,00
2022.05.16 09:46:07	181	WDO@N	sell	out	1	5 119,000	181	0,00	0,00	 255,00	5 570,00
2022.05.17 09:15:00	182	WDO@N	buy	in	1	5 016,500	182	0,00	0,00	0,00	5 570,00
2022.05.17 09:24:07	183	WDO@N	sell	out	1	5 001,000	183	0,00	0,00	- 155,00	5 415,00
2022.05.18 09:15:00	184	WDO@N	buy	in	1	4 958,000	184	0,00	0,00	0,00	5 415,00
2022.05.18 09:24:21	185	WDO@N	sell	out	1	4 942,500	185	0,00	0,00	- 155,00	5 260,00
2022.05.19 09:15:00	186	WDO@N	sell	in	1	4 966,500	186	0,00	0,00	0,00	5 260,00
2022.05.19 09:58:14	187	WDO@N	buy	out	1	4 940,500	187	0,00	0,00	 260,00	5 520,00
2022.05.20 09:15:00	188	WDO@N	sell	in	1	4 928,000	188	0,00	0,00	0,00	5 520,00
2022.05.20 10:51:21	189	WDO@N	buy	out	1	4 903,000	189	0,00	0,00	 250,00	5 770,00
2022.05.23 09:30:00	190	WDO@N	buy	in	1	4 845,500	190	0,00	0,00	0,00	5 770,00
2022.05.23 09:47:21	191	WDO@N	sell	out	1	4 830,000	191	0,00	0,00	- 155,00	5 615,00
2022.05.24 09:15:00	192	WDO@N	buy	in	1	4 841,000	192	0,00	0,00	0,00	5 615,00
2022.05.24 09:38:13	193	WDO@N	sell	out	1	4 826,000	193	0,00	0,00	- 150,00	5 465,00
2022.05.25 09:15:00	194	WDO@N	sell	in	1	4 862,000	194	0,00	0,00	0,00	5 465,00
2022.05.25 10:36:13	195	WDO@N	buy	out	1	4 836,500	195	0,00	0,00	 255,00	5 720,00
2022.05.26 09:15:00	196	WDO@N	sell	in	1	4 842,500	196	0,00	0,00	0,00	5 720,00
2022.05.26 10:09:13	197	WDO@N	buy	out	1	4 817,500	197	0,00	0,00	 250,00	5 970,00
2022.05.27 09:15:00	198	WDO@N	buy	in	1	4 755,000	198	0,00	0,00	0,00	5 970,00
2022.05.27 10:21:16	199	WDO@N	sell	out	1	4 780,000	199	0,00	0,00	 250,00	6 220,00
2022.05.30 09:15:00	200	WDO@N	buy	in	1	4 705,500	200	0,00	0,00	0,00	6 220,00
2022.05.30 11:38:10	201	WDO@N	sell	out	1	4 730,500	201	0,00	0,00	 250,00	6 470,00
2022.05.31 10:15:00	202	WDO@N	buy	in	1	4 772,000	202	0,00	0,00	0,00	6 470,00
2022.05.31 10:22:43	203	WDO@N	sell	out	1	4 756,500	203	0,00	0,00	- 155,00	6 315,00
2022.06.02 09:15:00	204	WDO@N	sell	in	1	4 841,500	204	0,00	0,00	0,00	6 315,00
2022.06.02 09:42:08	205	WDO@N	buy	out	1	4 816,500	205	0,00	0,00	 250,00	6 565,00
2022.06.03 09:15:00	206	WDO@N	buy	in	1	4 853,500	206	0,00	0,00	0,00	6 565,00
2022.06.03 09:32:21	207	WDO@N	sell	out	1	4 838,000	207	0,00	0,00	- 155,00	6 410,00
2022.06.06 09:45:00	208	WDO@N	sell	in	1	4 805,000	208	0,00	0,00	0,00	6 410,00
2022.06.06 10:43:14	209	WDO@N	buy	out	1	4 820,500	209	0,00	0,00	- 155,00	6 255,00
2022.06.07 09:15:00	210	WDO@N	sell	in	1	4 844,000	210	0,00	0,00	0,00	6 255,00
2022.06.07 09:18:14	211	WDO@N	buy	out	1	4 859,000	211	0,00	0,00	- 150,00	6 105,00
2022.06.08 09:30:00	212	WDO@N	sell	in	1	4 935,500	212	0,00	0,00	0,00	6 105,00
2022.06.08 10:08:14	213	WDO@N	buy	out	1	4 909,500	213	0,00	0,00	 260,00	6 365,00
2022.06.09 09:15:00	214	WDO@N	buy	in	1	4 919,500	214	0,00	0,00	0,00	6 365,00
2022.06.09 09:29:43	215	WDO@N	sell	out	1	4 904,500	215	0,00	0,00	- 150,00	6 215,00
2022.06.10 09:15:00	216	WDO@N	buy	in	1	4 918,000	216	0,00	0,00	0,00	6 215,00
2022.06.10 09:30:08	217	WDO@N	sell	out	1	4 944,500	217	0,00	0,00	 265,00	6 480,00
2022.06.13 09:15:00	218	WDO@N	sell	in	1	5 077,500	218	0,00	0,00	0,00	6 480,00
2022.06.13 09:52:21	219	WDO@N	buy	out	1	5 093,500	219	0,00	0,00	- 160,00	6 320,00
2022.06.14 09:15:00	220	WDO@N	buy	in	1	5 128,000	220	0,00	0,00	0,00	6 320,00
2022.06.14 09:34:10	221	WDO@N	sell	out	1	5 113,500	221	0,00	0,00	- 145,00	6 175,00
2022.06.15 10:00:00	222	WDO@N	sell	in	1	5 131,500	222	0,00	0,00	0,00	6 175,00
2022.06.15 10:05:09	223	WDO@N	buy	out	1	5 146,000	223	0,00	0,00	- 145,00	6 030,00
2022.06.17 09:15:00	224	WDO@N	sell	in	1	5 152,500	224	0,00	0,00	0,00	6 030,00
2022.06.17 09:22:16	225	WDO@N	buy	out	1	5 167,500	225	0,00	0,00	- 150,00	5 880,00
2022.06.20 10:00:00	226	WDO@N	sell	in	1	5 182,000	226	0,00	0,00	0,00	5 880,00
2022.06.20 10:12:20	227	WDO@N	buy	out	1	5 197,000	227	0,00	0,00	- 150,00	5 730,00
2022.06.21 09:15:00	228	WDO@N	buy	in	1	5 176,000	228	0,00	0,00	0,00	5 730,00
2022.06.21 10:00:13	229	WDO@N	sell	out	1	5 201,000	229	0,00	0,00	 250,00	5 980,00
2022.06.22 09:45:00	230	WDO@N	buy	in	1	5 161,500	230	0,00	0,00	0,00	5 980,00
2022.06.22 10:27:21	231	WDO@N	sell	out	1	5 186,500	231	0,00	0,00	 250,00	6 230,00
2022.06.23 10:00:00	232	WDO@N	buy	in	1	5 187,500	232	0,00	0,00	0,00	6 230,00
2022.06.23 12:34:29	233	WDO@N	sell	out	1	5 212,000	233	0,00	0,00	 245,00	6 475,00
2022.06.24 09:15:00	234	WDO@N	buy	in	1	5 224,500	234	0,00	0,00	0,00	6 475,00
2022.06.24 10:25:21	235	WDO@N	sell	out	1	5 249,000	235	0,00	0,00	 245,00	6 720,00
2022.06.27 09:45:00	236	WDO@N	sell	in	1	5 270,500	236	0,00	0,00	0,00	6 720,00
2022.06.27 10:19:16	237	WDO@N	buy	out	1	5 245,500	237	0,00	0,00	 250,00	6 970,00
2022.06.28 09:30:00	238	WDO@N	buy	in	1	5 226,000	238	0,00	0,00	0,00	6 970,00
2022.06.28 09:50:10	239	WDO@N	sell	out	1	5 210,500	239	0,00	0,00	- 155,00	6 815,00
2022.06.29 09:30:00	240	WDO@N	buy	in	1	5 239,500	240	0,00	0,00	0,00	6 815,00
2022.06.29 09:56:13	241	WDO@N	sell	out	1	5 224,500	241	0,00	0,00	- 150,00	6 665,00
2022.06.30 09:30:00	242	WDO@N	sell	in	1	5 275,500	242	0,00	0,00	0,00	6 665,00
2022.06.30 09:50:20	243	WDO@N	buy	out	1	5 291,000	243	0,00	0,00	- 155,00	6 510,00
2022.07.01 09:30:00	244	WDO@N	sell	in	1	5 337,500	244	0,00	0,00	0,00	6 510,00
2022.07.01 10:04:14	245	WDO@N	buy	out	1	5 353,000	245	0,00	0,00	- 155,00	6 355,00
2022.07.04 09:15:00	246	WDO@N	sell	in	1	5 366,000	246	0,00	0,00	0,00	6 355,00
2022.07.04 11:39:21	247	WDO@N	buy	out	1	5 340,500	247	0,00	0,00	 255,00	6 610,00
2022.07.05 09:45:00	248	WDO@N	sell	in	1	5 415,000	248	0,00	0,00	0,00	6 610,00
2022.07.05 10:27:21	249	WDO@N	buy	out	1	5 430,000	249	0,00	0,00	- 150,00	6 460,00
2022.07.06 09:15:00	250	WDO@N	sell	in	1	5 454,000	250	0,00	0,00	0,00	6 460,00
2022.07.06 11:21:21	251	WDO@N	buy	out	1	5 469,000	251	0,00	0,00	- 150,00	6 310,00
2022.07.07 10:15:00	252	WDO@N	buy	in	1	5 422,500	252	0,00	0,00	0,00	6 310,00
2022.07.07 10:32:10	253	WDO@N	sell	out	1	5 407,500	253	0,00	0,00	- 150,00	6 160,00
2022.07.08 09:15:00	254	WDO@N	buy	in	1	5 383,000	254	0,00	0,00	0,00	6 160,00
2022.07.08 09:28:14	255	WDO@N	sell	out	1	5 367,500	255	0,00	0,00	- 155,00	6 005,00
2022.07.11 09:30:00	256	WDO@N	sell	in	1	5 366,500	256	0,00	0,00	0,00	6 005,00
2022.07.11 09:32:10	257	WDO@N	buy	out	1	5 382,000	257	0,00	0,00	- 155,00	5 850,00
2022.07.12 09:45:00	258	WDO@N	sell	in	1	5 418,000	258	0,00	0,00	0,00	5 850,00
2022.07.12 09:50:10	259	WDO@N	buy	out	1	5 432,500	259	0,00	0,00	- 145,00	5 705,00
2022.07.13 09:30:00	260	WDO@N	buy	in	1	5 438,500	260	0,00	0,00	0,00	5 705,00
2022.07.13 09:30:06	261	WDO@N	sell	out	1	5 462,500	261	0,00	0,00	 240,00	5 945,00
2022.07.14 09:15:00	262	WDO@N	buy	in	1	5 482,500	262	0,00	0,00	0,00	5 945,00
2022.07.14 09:31:14	263	WDO@N	sell	out	1	5 467,000	263	0,00	0,00	- 155,00	5 790,00
2022.07.15 09:30:00	264	WDO@N	sell	in	1	5 448,000	264	0,00	0,00	0,00	5 790,00
2022.07.15 10:00:14	265	WDO@N	buy	out	1	5 422,000	265	0,00	0,00	 260,00	6 050,00
2022.07.18 09:45:00	266	WDO@N	buy	in	1	5 395,000	266	0,00	0,00	0,00	6 050,00
2022.07.18 11:17:17	267	WDO@N	sell	out	1	5 380,000	267	0,00	0,00	- 150,00	5 900,00
2022.07.19 10:00:00	268	WDO@N	buy	in	1	5 411,000	268	0,00	0,00	0,00	5 900,00
2022.07.19 10:14:21	269	WDO@N	sell	out	1	5 395,500	269	0,00	0,00	- 155,00	5 745,00
2022.07.20 09:45:00	270	WDO@N	sell	in	1	5 461,000	270	0,00	0,00	0,00	5 745,00
2022.07.20 09:59:21	271	WDO@N	buy	out	1	5 435,500	271	0,00	0,00	 255,00	6 000,00
2022.07.21 09:45:00	272	WDO@N	buy	in	1	5 452,000	272	0,00	0,00	0,00	6 000,00
2022.07.21 10:11:14	273	WDO@N	sell	out	1	5 477,000	273	0,00	0,00	 250,00	6 250,00
2022.07.22 09:30:00	274	WDO@N	buy	in	1	5 474,000	274	0,00	0,00	0,00	6 250,00
2022.07.22 10:16:20	275	WDO@N	sell	out	1	5 459,000	275	0,00	0,00	- 150,00	6 100,00
2022.07.25 09:30:00	276	WDO@N	buy	in	1	5 463,000	276	0,00	0,00	0,00	6 100,00
2022.07.25 10:00:13	277	WDO@N	sell	out	1	5 446,500	277	0,00	0,00	- 165,00	5 935,00
2022.07.26 09:45:00	278	WDO@N	buy	in	1	5 369,000	278	0,00	0,00	0,00	5 935,00
2022.07.26 10:12:21	279	WDO@N	sell	out	1	5 394,000	279	0,00	0,00	 250,00	6 185,00
2022.07.27 09:15:00	280	WDO@N	buy	in	1	5 328,500	280	0,00	0,00	0,00	6 185,00
2022.07.27 09:47:05	281	WDO@N	sell	out	1	5 353,500	281	0,00	0,00	 250,00	6 435,00
2022.07.28 09:45:00	282	WDO@N	buy	in	1	5 219,500	282	0,00	0,00	0,00	6 435,00
2022.07.28 09:49:10	283	WDO@N	sell	out	1	5 203,000	283	0,00	0,00	- 165,00	6 270,00
2022.07.29 09:15:00	284	WDO@N	sell	in	1	5 219,500	284	0,00	0,00	0,00	6 270,00
2022.07.29 09:44:59	285	WDO@N	buy	out	1	5 194,000	285	0,00	0,00	 255,00	6 525,00
2022.08.01 09:30:00	286	WDO@N	buy	in	1	5 180,000	286	0,00	0,00	0,00	6 525,00
2022.08.01 09:45:21	287	WDO@N	sell	out	1	5 205,000	287	0,00	0,00	 250,00	6 775,00
2022.08.02 10:00:00	288	WDO@N	buy	in	1	5 248,000	288	0,00	0,00	0,00	6 775,00
2022.08.02 10:43:08	289	WDO@N	sell	out	1	5 273,000	289	0,00	0,00	 250,00	7 025,00
2022.08.04 09:15:00	290	WDO@N	buy	in	1	5 309,000	290	0,00	0,00	0,00	7 025,00
2022.08.04 10:11:13	291	WDO@N	sell	out	1	5 294,000	291	0,00	0,00	- 150,00	6 875,00
2022.08.05 09:15:00	292	WDO@N	buy	in	1	5 251,500	292	0,00	0,00	0,00	6 875,00
2022.08.05 09:30:04	293	WDO@N	sell	out	1	5 276,500	293	0,00	0,00	 250,00	7 125,00
2022.08.08 09:15:00	294	WDO@N	buy	in	1	5 173,000	294	0,00	0,00	0,00	7 125,00
2022.08.08 09:49:14	295	WDO@N	sell	out	1	5 157,000	295	0,00	0,00	- 160,00	6 965,00
2022.08.09 09:30:00	296	WDO@N	buy	in	1	5 149,000	296	0,00	0,00	0,00	6 965,00
2022.08.09 09:49:16	297	WDO@N	sell	out	1	5 133,500	297	0,00	0,00	- 155,00	6 810,00
2022.08.10 09:30:00	298	WDO@N	sell	in	1	5 162,500	298	0,00	0,00	0,00	6 810,00
2022.08.10 09:30:05	299	WDO@N	buy	out	1	5 128,500	299	0,00	0,00	 340,00	7 150,00
2022.08.11 09:15:00	300	WDO@N	buy	in	1	5 103,000	300	0,00	0,00	0,00	7 150,00
2022.08.11 11:20:08	301	WDO@N	sell	out	1	5 128,000	301	0,00	0,00	 250,00	7 400,00
2022.08.12 09:30:00	302	WDO@N	buy	in	1	5 169,500	302	0,00	0,00	0,00	7 400,00
2022.08.12 09:58:13	303	WDO@N	sell	out	1	5 154,000	303	0,00	0,00	- 155,00	7 245,00
2022.08.15 09:15:00	304	WDO@N	sell	in	1	5 151,500	304	0,00	0,00	0,00	7 245,00
2022.08.15 10:01:02	305	WDO@N	buy	out	1	5 126,500	305	0,00	0,00	 250,00	7 495,00
2022.08.16 10:00:00	306	WDO@N	buy	in	1	5 144,500	306	0,00	0,00	0,00	7 495,00
2022.08.16 11:14:21	307	WDO@N	sell	out	1	5 169,500	307	0,00	0,00	 250,00	7 745,00
2022.08.17 09:15:00	308	WDO@N	sell	in	1	5 220,000	308	0,00	0,00	0,00	7 745,00
2022.08.17 09:30:08	309	WDO@N	buy	out	1	5 236,000	309	0,00	0,00	- 160,00	7 585,00
2022.08.18 09:15:00	310	WDO@N	buy	in	1	5 160,500	310	0,00	0,00	0,00	7 585,00
2022.08.18 10:18:20	311	WDO@N	sell	out	1	5 185,500	311	0,00	0,00	 250,00	7 835,00
2022.08.19 09:45:00	312	WDO@N	buy	in	1	5 209,000	312	0,00	0,00	0,00	7 835,00
2022.08.19 09:49:10	313	WDO@N	sell	out	1	5 194,000	313	0,00	0,00	- 150,00	7 685,00
2022.08.22 09:15:00	314	WDO@N	buy	in	1	5 190,000	314	0,00	0,00	0,00	7 685,00
2022.08.22 11:26:16	315	WDO@N	sell	out	1	5 215,500	315	0,00	0,00	 255,00	7 940,00
2022.08.23 09:30:00	316	WDO@N	sell	in	1	5 155,500	316	0,00	0,00	0,00	7 940,00
2022.08.23 10:45:03	317	WDO@N	buy	out	1	5 130,500	317	0,00	0,00	 250,00	8 190,00
2022.08.24 09:15:00	318	WDO@N	buy	in	1	5 104,000	318	0,00	0,00	0,00	8 190,00
2022.08.24 10:14:01	319	WDO@N	sell	out	1	5 129,000	319	0,00	0,00	 250,00	8 440,00
2022.08.25 09:15:00	320	WDO@N	sell	in	1	5 111,500	320	0,00	0,00	0,00	8 440,00
2022.08.25 09:30:10	321	WDO@N	buy	out	1	5 128,000	321	0,00	0,00	- 165,00	8 275,00
2022.08.26 09:15:00	322	WDO@N	buy	in	1	5 110,000	322	0,00	0,00	0,00	8 275,00
2022.08.26 09:50:02	323	WDO@N	sell	out	1	5 094,500	323	0,00	0,00	- 155,00	8 120,00
2022.08.29 09:30:00	324	WDO@N	buy	in	1	5 060,000	324	0,00	0,00	0,00	8 120,00
2022.08.29 11:30:20	325	WDO@N	sell	out	1	5 045,000	325	0,00	0,00	- 150,00	7 970,00
2022.08.30 09:30:00	326	WDO@N	sell	in	1	5 032,500	326	0,00	0,00	0,00	7 970,00
2022.08.30 09:41:21	327	WDO@N	buy	out	1	5 047,500	327	0,00	0,00	- 150,00	7 820,00
2022.08.31 09:15:00	328	WDO@N	sell	in	1	5 188,000	328	0,00	0,00	0,00	7 820,00
2022.08.31 09:22:23	329	WDO@N	buy	out	1	5 204,500	329	0,00	0,00	- 165,00	7 655,00
2022.09.01 09:15:00	330	WDO@N	sell	in	1	5 261,000	330	0,00	0,00	0,00	7 655,00
2022.09.01 09:30:10	331	WDO@N	buy	out	1	5 235,500	331	0,00	0,00	 255,00	7 910,00
2022.09.02 09:45:00	332	WDO@N	buy	in	1	5 238,000	332	0,00	0,00	0,00	7 910,00
2022.09.02 09:53:20	333	WDO@N	sell	out	1	5 223,000	333	0,00	0,00	- 150,00	7 760,00
2022.09.05 09:30:00	334	WDO@N	buy	in	1	5 210,000	334	0,00	0,00	0,00	7 760,00
2022.09.05 12:54:05	335	WDO@N	sell	out	1	5 195,000	335	0,00	0,00	- 150,00	7 610,00
2022.09.06 09:30:00	336	WDO@N	sell	in	1	5 212,000	336	0,00	0,00	0,00	7 610,00
2022.09.06 09:35:14	337	WDO@N	buy	out	1	5 227,000	337	0,00	0,00	- 150,00	7 460,00
2022.09.08 09:15:00	338	WDO@N	buy	in	1	5 231,500	338	0,00	0,00	0,00	7 460,00
2022.09.08 09:15:10	339	WDO@N	sell	out	1	5 216,500	339	0,00	0,00	- 150,00	7 310,00
2022.09.09 09:30:00	340	WDO@N	sell	in	1	5 221,500	340	0,00	0,00	0,00	7 310,00
2022.09.09 11:24:14	341	WDO@N	buy	out	1	5 196,000	341	0,00	0,00	 255,00	7 565,00
2022.09.12 10:00:00	342	WDO@N	sell	in	1	5 162,000	342	0,00	0,00	0,00	7 565,00
2022.09.12 12:55:07	343	WDO@N	buy	out	1	5 137,500	343	0,00	0,00	 245,00	7 810,00
2022.09.13 09:45:00	344	WDO@N	sell	in	1	5 193,000	344	0,00	0,00	0,00	7 810,00
2022.09.13 09:56:10	345	WDO@N	buy	out	1	5 208,000	345	0,00	0,00	- 150,00	7 660,00
2022.09.14 09:30:00	346	WDO@N	buy	in	1	5 195,500	346	0,00	0,00	0,00	7 660,00
2022.09.14 09:39:14	347	WDO@N	sell	out	1	5 181,000	347	0,00	0,00	- 145,00	7 515,00
2022.09.15 09:15:00	348	WDO@N	sell	in	1	5 209,500	348	0,00	0,00	0,00	7 515,00
2022.09.15 09:30:01	349	WDO@N	buy	out	1	5 226,500	349	0,00	0,00	- 170,00	7 345,00
2022.09.16 09:30:00	350	WDO@N	sell	in	1	5 282,500	350	0,00	0,00	0,00	7 345,00
2022.09.16 09:52:21	351	WDO@N	buy	out	1	5 297,500	351	0,00	0,00	- 150,00	7 195,00
2022.09.20 09:15:00	352	WDO@N	sell	in	1	5 234,500	352	0,00	0,00	0,00	7 195,00
2022.09.20 09:41:14	353	WDO@N	buy	out	1	5 208,500	353	0,00	0,00	 260,00	7 455,00
2022.09.21 09:30:00	354	WDO@N	buy	in	1	5 145,000	354	0,00	0,00	0,00	7 455,00
2022.09.21 09:58:14	355	WDO@N	sell	out	1	5 170,000	355	0,00	0,00	 250,00	7 705,00
2022.09.22 09:30:00	356	WDO@N	sell	in	1	5 144,500	356	0,00	0,00	0,00	7 705,00
2022.09.22 09:38:21	357	WDO@N	buy	out	1	5 160,500	357	0,00	0,00	- 160,00	7 545,00
2022.09.23 09:30:00	358	WDO@N	sell	in	1	5 210,000	358	0,00	0,00	0,00	7 545,00
2022.09.23 10:38:43	359	WDO@N	buy	out	1	5 225,000	359	0,00	0,00	- 150,00	7 395,00
2022.09.26 09:15:00	360	WDO@N	sell	in	1	5 346,000	360	0,00	0,00	0,00	7 395,00
2022.09.26 09:38:21	361	WDO@N	buy	out	1	5 320,000	361	0,00	0,00	 260,00	7 655,00
2022.09.27 09:15:00	362	WDO@N	buy	in	1	5 319,000	362	0,00	0,00	0,00	7 655,00
2022.09.27 09:36:09	363	WDO@N	sell	out	1	5 303,500	363	0,00	0,00	- 155,00	7 500,00
2022.09.28 09:30:00	364	WDO@N	buy	in	1	5 396,000	364	0,00	0,00	0,00	7 500,00
2022.09.28 09:45:04	365	WDO@N	sell	out	1	5 379,000	365	0,00	0,00	- 170,00	7 330,00
2022.09.29 09:15:00	366	WDO@N	sell	in	1	5 412,500	366	0,00	0,00	0,00	7 330,00
2022.09.29 09:52:21	367	WDO@N	buy	out	1	5 387,500	367	0,00	0,00	 250,00	7 580,00
2022.10.03 09:15:00	368	WDO@N	sell	in	1	5 340,500	368	0,00	0,00	0,00	7 580,00
2022.10.03 09:25:10	369	WDO@N	buy	out	1	5 314,000	369	0,00	0,00	 265,00	7 845,00
2022.10.04 09:15:00	370	WDO@N	buy	in	1	5 148,500	370	0,00	0,00	0,00	7 845,00
2022.10.04 09:44:59	371	WDO@N	sell	out	1	5 174,500	371	0,00	0,00	 260,00	8 105,00
2022.10.05 09:15:00	372	WDO@N	buy	in	1	5 230,000	372	0,00	0,00	0,00	8 105,00
2022.10.05 09:36:18	373	WDO@N	sell	out	1	5 215,000	373	0,00	0,00	- 150,00	7 955,00
2022.10.06 10:15:00	374	WDO@N	sell	in	1	5 228,500	374	0,00	0,00	0,00	7 955,00
2022.10.06 11:06:21	375	WDO@N	buy	out	1	5 244,000	375	0,00	0,00	- 155,00	7 800,00
2022.10.07 09:45:00	376	WDO@N	sell	in	1	5 259,500	376	0,00	0,00	0,00	7 800,00
2022.10.07 09:47:01	377	WDO@N	buy	out	1	5 274,000	377	0,00	0,00	- 145,00	7 655,00
2022.10.10 09:45:00	378	WDO@N	buy	in	1	5 203,500	378	0,00	0,00	0,00	7 655,00
2022.10.10 09:48:01	379	WDO@N	sell	out	1	5 188,000	379	0,00	0,00	- 155,00	7 500,00
2022.10.11 09:15:00	380	WDO@N	sell	in	1	5 212,000	380	0,00	0,00	0,00	7 500,00
2022.10.11 09:22:21	381	WDO@N	buy	out	1	5 228,000	381	0,00	0,00	- 160,00	7 340,00
2022.10.13 09:45:00	382	WDO@N	sell	in	1	5 381,500	382	0,00	0,00	0,00	7 340,00
2022.10.13 09:46:09	383	WDO@N	buy	out	1	5 397,000	383	0,00	0,00	- 155,00	7 185,00
2022.10.14 09:15:00	384	WDO@N	buy	in	1	5 286,000	384	0,00	0,00	0,00	7 185,00
2022.10.14 09:29:14	385	WDO@N	sell	out	1	5 311,000	385	0,00	0,00	 250,00	7 435,00
2022.10.17 09:15:00	386	WDO@N	sell	in	1	5 304,000	386	0,00	0,00	0,00	7 435,00
2022.10.17 10:15:14	387	WDO@N	buy	out	1	5 278,000	387	0,00	0,00	 260,00	7 695,00
2022.10.18 10:15:00	388	WDO@N	sell	in	1	5 286,500	388	0,00	0,00	0,00	7 695,00
2022.10.18 10:38:08	389	WDO@N	buy	out	1	5 260,000	389	0,00	0,00	 265,00	7 960,00
2022.10.19 09:15:00	390	WDO@N	sell	in	1	5 306,000	390	0,00	0,00	0,00	7 960,00
2022.10.19 10:38:21	391	WDO@N	buy	out	1	5 280,500	391	0,00	0,00	 255,00	8 215,00
2022.10.20 09:15:00	392	WDO@N	buy	in	1	5 250,500	392	0,00	0,00	0,00	8 215,00
2022.10.20 09:25:10	393	WDO@N	sell	out	1	5 234,500	393	0,00	0,00	- 160,00	8 055,00
2022.10.21 09:15:00	394	WDO@N	sell	in	1	5 262,500	394	0,00	0,00	0,00	8 055,00
2022.10.21 09:31:20	395	WDO@N	buy	out	1	5 277,000	395	0,00	0,00	- 145,00	7 910,00
2022.10.24 09:15:00	396	WDO@N	sell	in	1	5 232,500	396	0,00	0,00	0,00	7 910,00
2022.10.24 09:17:10	397	WDO@N	buy	out	1	5 247,500	397	0,00	0,00	- 150,00	7 760,00
2022.10.25 09:30:00	398	WDO@N	sell	in	1	5 311,500	398	0,00	0,00	0,00	7 760,00
2022.10.25 09:31:14	399	WDO@N	buy	out	1	5 327,500	399	0,00	0,00	- 160,00	7 600,00
2022.10.26 09:15:00	400	WDO@N	buy	in	1	5 286,000	400	0,00	0,00	0,00	7 600,00
2022.10.26 09:32:21	401	WDO@N	sell	out	1	5 312,000	401	0,00	0,00	 260,00	7 860,00
2022.10.27 09:15:00	402	WDO@N	buy	in	1	5 374,000	402	0,00	0,00	0,00	7 860,00
2022.10.27 09:25:21	403	WDO@N	sell	out	1	5 358,500	403	0,00	0,00	- 155,00	7 705,00
2022.10.28 09:30:00	404	WDO@N	sell	in	1	5 363,000	404	0,00	0,00	0,00	7 705,00
2022.10.28 09:30:07	405	WDO@N	buy	out	1	5 338,000	405	0,00	0,00	 250,00	7 955,00
2022.10.31 09:15:00	406	WDO@N	buy	in	1	5 369,000	406	0,00	0,00	0,00	7 955,00
2022.10.31 09:34:10	407	WDO@N	sell	out	1	5 354,000	407	0,00	0,00	- 150,00	7 805,00
2022.11.01 09:15:00	408	WDO@N	sell	in	1	5 207,500	408	0,00	0,00	0,00	7 805,00
2022.11.01 09:22:07	409	WDO@N	buy	out	1	5 181,500	409	0,00	0,00	 260,00	8 065,00
2022.11.03 09:15:00	410	WDO@N	buy	in	1	5 207,000	410	0,00	0,00	0,00	8 065,00
2022.11.03 09:23:20	411	WDO@N	sell	out	1	5 231,500	411	0,00	0,00	 245,00	8 310,00
2022.11.04 09:15:00	412	WDO@N	sell	in	1	5 122,500	412	0,00	0,00	0,00	8 310,00
2022.11.04 09:29:14	413	WDO@N	buy	out	1	5 140,000	413	0,00	0,00	- 175,00	8 135,00
2022.11.07 09:15:00	414	WDO@N	sell	in	1	5 109,500	414	0,00	0,00	0,00	8 135,00
2022.11.07 09:24:08	415	WDO@N	buy	out	1	5 124,000	415	0,00	0,00	- 145,00	7 990,00
2022.11.08 09:15:00	416	WDO@N	sell	in	1	5 257,000	416	0,00	0,00	0,00	7 990,00
2022.11.08 09:51:02	417	WDO@N	buy	out	1	5 231,500	417	0,00	0,00	 255,00	8 245,00
2022.11.09 09:15:00	418	WDO@N	sell	in	1	5 207,000	418	0,00	0,00	0,00	8 245,00
2022.11.09 09:59:16	419	WDO@N	buy	out	1	5 180,500	419	0,00	0,00	 265,00	8 510,00
2022.11.10 09:15:00	420	WDO@N	sell	in	1	5 321,500	420	0,00	0,00	0,00	8 510,00
2022.11.10 09:30:09	421	WDO@N	buy	out	1	5 336,000	421	0,00	0,00	- 145,00	8 365,00
2022.11.11 09:15:00	422	WDO@N	sell	in	1	5 393,500	422	0,00	0,00	0,00	8 365,00
2022.11.11 09:16:15	423	WDO@N	buy	out	1	5 409,000	423	0,00	0,00	- 155,00	8 210,00
2022.11.14 09:15:00	424	WDO@N	buy	in	1	5 307,000	424	0,00	0,00	0,00	8 210,00
2022.11.14 09:17:20	425	WDO@N	sell	out	1	5 290,500	425	0,00	0,00	- 165,00	8 045,00
2022.11.16 09:15:00	426	WDO@N	sell	in	1	5 371,000	426	0,00	0,00	0,00	8 045,00
2022.11.16 09:44:14	427	WDO@N	buy	out	1	5 346,000	427	0,00	0,00	 250,00	8 295,00
2022.11.17 09:15:00	428	WDO@N	buy	in	1	5 495,000	428	0,00	0,00	0,00	8 295,00
2022.11.17 09:21:21	429	WDO@N	sell	out	1	5 478,500	429	0,00	0,00	- 165,00	8 130,00
2022.11.18 09:15:00	430	WDO@N	buy	in	1	5 372,500	430	0,00	0,00	0,00	8 130,00
2022.11.18 09:16:13	431	WDO@N	sell	out	1	5 357,500	431	0,00	0,00	- 150,00	7 980,00
2022.11.21 09:15:00	432	WDO@N	buy	in	1	5 362,500	432	0,00	0,00	0,00	7 980,00
2022.11.21 09:18:13	433	WDO@N	sell	out	1	5 346,000	433	0,00	0,00	- 165,00	7 815,00
2022.11.22 09:15:00	434	WDO@N	buy	in	1	5 298,500	434	0,00	0,00	0,00	7 815,00
2022.11.22 09:52:13	435	WDO@N	sell	out	1	5 323,500	435	0,00	0,00	 250,00	8 065,00
2022.11.23 09:15:00	436	WDO@N	sell	in	1	5 380,000	436	0,00	0,00	0,00	8 065,00
2022.11.23 09:43:16	437	WDO@N	buy	out	1	5 395,000	437	0,00	0,00	- 150,00	7 915,00
2022.11.24 09:15:00	438	WDO@N	buy	in	1	5 317,000	438	0,00	0,00	0,00	7 915,00
2022.11.24 10:27:16	439	WDO@N	sell	out	1	5 342,000	439	0,00	0,00	 250,00	8 165,00
2022.11.25 09:45:00	440	WDO@N	buy	in	1	5 321,500	440	0,00	0,00	0,00	8 165,00
2022.11.25 10:05:21	441	WDO@N	sell	out	1	5 347,500	441	0,00	0,00	 260,00	8 425,00
2022.11.28 09:15:00	442	WDO@N	buy	in	1	5 383,500	442	0,00	0,00	0,00	8 425,00
2022.11.28 10:00:10	443	WDO@N	sell	out	1	5 368,500	443	0,00	0,00	- 150,00	8 275,00
2022.11.29 09:15:00	444	WDO@N	buy	in	1	5 308,500	444	0,00	0,00	0,00	8 275,00
2022.11.29 12:40:05	445	WDO@N	sell	out	1	5 294,000	445	0,00	0,00	- 145,00	8 130,00
2022.11.30 09:15:00	446	WDO@N	buy	in	1	5 283,000	446	0,00	0,00	0,00	8 130,00
2022.11.30 09:30:13	447	WDO@N	sell	out	1	5 309,500	447	0,00	0,00	 265,00	8 395,00
2022.12.01 09:15:00	448	WDO@N	sell	in	1	5 237,000	448	0,00	0,00	0,00	8 395,00
2022.12.01 11:20:13	449	WDO@N	buy	out	1	5 211,500	449	0,00	0,00	 255,00	8 650,00
2022.12.02 09:15:00	450	WDO@N	buy	in	1	5 201,000	450	0,00	0,00	0,00	8 650,00
2022.12.02 10:25:20	451	WDO@N	sell	out	1	5 226,000	451	0,00	0,00	 250,00	8 900,00
2022.12.05 09:15:00	452	WDO@N	sell	in	1	5 261,000	452	0,00	0,00	0,00	8 900,00
2022.12.05 09:31:21	453	WDO@N	buy	out	1	5 276,000	453	0,00	0,00	- 150,00	8 750,00
2022.12.06 09:15:00	454	WDO@N	buy	in	1	5 277,000	454	0,00	0,00	0,00	8 750,00
2022.12.06 09:29:32	455	WDO@N	sell	out	1	5 262,000	455	0,00	0,00	- 150,00	8 600,00
2022.12.07 09:15:00	456	WDO@N	buy	in	1	5 282,000	456	0,00	0,00	0,00	8 600,00
2022.12.07 09:35:14	457	WDO@N	sell	out	1	5 266,000	457	0,00	0,00	- 160,00	8 440,00
2022.12.08 09:15:00	458	WDO@N	sell	in	1	5 268,500	458	0,00	0,00	0,00	8 440,00
2022.12.08 10:04:02	459	WDO@N	buy	out	1	5 243,500	459	0,00	0,00	 250,00	8 690,00
2022.12.09 09:45:00	460	WDO@N	sell	in	1	5 269,500	460	0,00	0,00	0,00	8 690,00
2022.12.09 10:30:10	461	WDO@N	buy	out	1	5 284,500	461	0,00	0,00	- 150,00	8 540,00
2022.12.12 09:45:00	462	WDO@N	sell	in	1	5 277,500	462	0,00	0,00	0,00	8 540,00
2022.12.12 10:33:16	463	WDO@N	buy	out	1	5 292,500	463	0,00	0,00	- 150,00	8 390,00
2022.12.13 09:15:00	464	WDO@N	buy	in	1	5 329,000	464	0,00	0,00	0,00	8 390,00
2022.12.13 09:32:20	465	WDO@N	sell	out	1	5 313,500	465	0,00	0,00	- 155,00	8 235,00
2022.12.14 09:15:00	466	WDO@N	sell	in	1	5 386,000	466	0,00	0,00	0,00	8 235,00
2022.12.14 09:34:21	467	WDO@N	buy	out	1	5 360,500	467	0,00	0,00	 255,00	8 490,00
2022.12.15 09:30:00	468	WDO@N	buy	in	1	5 328,500	468	0,00	0,00	0,00	8 490,00
2022.12.15 09:41:23	469	WDO@N	sell	out	1	5 314,000	469	0,00	0,00	- 145,00	8 345,00
2022.12.16 10:00:00	470	WDO@N	buy	in	1	5 312,000	470	0,00	0,00	0,00	8 345,00
2022.12.16 11:00:09	471	WDO@N	sell	out	1	5 297,000	471	0,00	0,00	- 150,00	8 195,00
2022.12.19 09:15:00	472	WDO@N	buy	in	1	5 342,500	472	0,00	0,00	0,00	8 195,00
2022.12.19 09:43:02	473	WDO@N	sell	out	1	5 326,500	473	0,00	0,00	- 160,00	8 035,00
2022.12.20 09:15:00	474	WDO@N	sell	in	1	5 318,000	474	0,00	0,00	0,00	8 035,00
2022.12.20 09:37:15	475	WDO@N	buy	out	1	5 332,500	475	0,00	0,00	- 145,00	7 890,00
2022.12.21 09:30:00	476	WDO@N	buy	in	1	5 203,000	476	0,00	0,00	0,00	7 890,00
2022.12.21 10:02:09	477	WDO@N	sell	out	1	5 187,500	477	0,00	0,00	- 155,00	7 735,00
2022.12.22 10:15:00	478	WDO@N	sell	in	1	5 215,500	478	0,00	0,00	0,00	7 735,00
2022.12.22 10:30:14	479	WDO@N	buy	out	1	5 232,000	479	0,00	0,00	- 165,00	7 570,00
2022.12.23 09:15:00	480	WDO@N	buy	in	1	5 169,500	480	0,00	0,00	0,00	7 570,00
2022.12.23 09:17:13	481	WDO@N	sell	out	1	5 154,500	481	0,00	0,00	- 150,00	7 420,00
2022.12.26 09:15:00	482	WDO@N	sell	in	1	5 189,000	482	0,00	0,00	0,00	7 420,00
2022.12.26 13:49:27	483	WDO@N	buy	out	1	5 204,000	483	0,00	0,00	- 150,00	7 270,00
2022.12.27 09:15:00	484	WDO@N	sell	in	1	5 242,000	484	0,00	0,00	0,00	7 270,00
2022.12.27 09:34:10	485	WDO@N	buy	out	1	5 257,000	485	0,00	0,00	- 150,00	7 120,00
2022.12.28 09:45:00	486	WDO@N	sell	in	1	5 269,500	486	0,00	0,00	0,00	7 120,00
2022.12.28 10:45:00	487	WDO@N	buy	out	1	5 285,000	487	0,00	0,00	- 155,00	6 965,00
2022.12.29 09:30:00	488	WDO@N	buy	in	1	5 267,000	488	0,00	0,00	0,00	6 965,00
2022.12.29 09:34:21	489	WDO@N	sell	out	1	5 252,000	489	0,00	0,00	- 150,00	6 815,00
2023.01.02 09:15:00	490	WDO@N	sell	in	1	5 377,500	490	0,00	0,00	0,00	6 815,00
2023.01.02 09:16:21	491	WDO@N	buy	out	1	5 393,500	491	0,00	0,00	- 160,00	6 655,00
2023.01.03 09:15:00	492	WDO@N	buy	in	1	5 403,500	492	0,00	0,00	0,00	6 655,00
2023.01.03 09:29:07	493	WDO@N	sell	out	1	5 388,500	493	0,00	0,00	- 150,00	6 505,00
2023.01.04 09:30:00	494	WDO@N	sell	in	1	5 488,000	494	0,00	0,00	0,00	6 505,00
2023.01.04 10:27:20	495	WDO@N	buy	out	1	5 462,500	495	0,00	0,00	 255,00	6 760,00
2023.01.05 09:15:00	496	WDO@N	buy	in	1	5 429,000	496	0,00	0,00	0,00	6 760,00
2023.01.05 09:18:13	497	WDO@N	sell	out	1	5 413,500	497	0,00	0,00	- 155,00	6 605,00
2023.01.06 09:30:00	498	WDO@N	buy	in	1	5 375,500	498	0,00	0,00	0,00	6 605,00
2023.01.06 10:20:16	499	WDO@N	sell	out	1	5 360,500	499	0,00	0,00	- 150,00	6 455,00
2023.01.09 09:15:00	500	WDO@N	buy	in	1	5 285,000	500	0,00	0,00	0,00	6 455,00
2023.01.09 10:02:21	501	WDO@N	sell	out	1	5 310,000	501	0,00	0,00	 250,00	6 705,00
2023.01.10 09:15:00	502	WDO@N	sell	in	1	5 288,500	502	0,00	0,00	0,00	6 705,00
2023.01.10 09:28:14	503	WDO@N	buy	out	1	5 263,000	503	0,00	0,00	 255,00	6 960,00
2023.01.11 09:30:00	504	WDO@N	sell	in	1	5 235,500	504	0,00	0,00	0,00	6 960,00
2023.01.11 09:48:21	505	WDO@N	buy	out	1	5 251,500	505	0,00	0,00	- 160,00	6 800,00
