2022.01.03 09:15:00	2	WDO@N	sell	in	1	5 626,000	2	0,00	0,00	0,00	1 000,00
2022.01.03 11:04:06	3	WDO@N	buy	out	1	5 660,000	3	0,00	0,00	- 340,00	 660,00
2022.01.04 09:30:00	4	WDO@N	sell	in	1	5 728,000	4	0,00	0,00	0,00	 660,00
2022.01.04 12:00:10	5	WDO@N	buy	out	1	5 677,500	5	0,00	0,00	 505,00	1 165,00
2022.01.05 09:15:00	6	WDO@N	buy	in	1	5 692,000	6	0,00	0,00	0,00	1 165,00
2022.01.05 16:11:08	7	WDO@N	sell	out	1	5 739,000	7	0,00	0,00	 470,00	1 635,00
2022.01.06 09:30:00	8	WDO@N	sell	in	1	5 753,500	8	0,00	0,00	0,00	1 635,00
2022.01.06 16:46:21	9	WDO@N	buy	out	1	5 705,000	9	0,00	0,00	 485,00	2 120,00
2022.01.07 09:45:00	10	WDO@N	sell	in	1	5 727,000	10	0,00	0,00	0,00	2 120,00
2022.01.07 11:51:05	11	WDO@N	buy	out	1	5 680,000	11	0,00	0,00	 470,00	2 590,00
2022.01.10 09:45:00	12	WDO@N	sell	in	1	5 685,500	12	0,00	0,00	0,00	2 590,00
2022.01.10 11:54:38	13	WDO@N	buy	out	1	5 719,500	13	0,00	0,00	- 340,00	2 250,00
2022.01.11 09:45:00	14	WDO@N	sell	in	1	5 699,500	14	0,00	0,00	0,00	2 250,00
2022.01.11 12:05:23	15	WDO@N	buy	out	1	5 652,000	15	0,00	0,00	 475,00	2 725,00
2022.01.12 09:15:00	16	WDO@N	sell	in	1	5 619,500	16	0,00	0,00	0,00	2 725,00
2022.01.12 10:50:43	17	WDO@N	buy	out	1	5 572,000	17	0,00	0,00	 475,00	3 200,00
2022.01.13 10:00:00	18	WDO@N	sell	in	1	5 567,500	18	0,00	0,00	0,00	3 200,00
2022.01.13 17:00:00	19	WDO@N	buy	out	1	5 549,000	19	0,00	0,00	 185,00	3 385,00
2022.01.14 09:30:00	20	WDO@N	sell	in	1	5 562,500	20	0,00	0,00	0,00	3 385,00
2022.01.14 17:00:00	21	WDO@N	buy	out	1	5 531,000	21	0,00	0,00	 315,00	3 700,00
2022.01.17 09:15:00	22	WDO@N	buy	in	1	5 534,500	22	0,00	0,00	0,00	3 700,00
2022.01.17 17:00:00	23	WDO@N	sell	out	1	5 544,500	23	0,00	0,00	 100,00	3 800,00
2022.01.18 09:15:00	24	WDO@N	sell	in	1	5 559,000	24	0,00	0,00	0,00	3 800,00
2022.01.18 14:40:16	25	WDO@N	buy	out	1	5 593,500	25	0,00	0,00	- 345,00	3 455,00
2022.01.19 09:15:00	26	WDO@N	buy	in	1	5 553,000	26	0,00	0,00	0,00	3 455,00
2022.01.19 11:23:04	27	WDO@N	sell	out	1	5 518,000	27	0,00	0,00	- 350,00	3 105,00
2022.01.20 10:15:00	28	WDO@N	buy	in	1	5 447,500	28	0,00	0,00	0,00	3 105,00
2022.01.20 10:32:02	29	WDO@N	sell	out	1	5 413,500	29	0,00	0,00	- 340,00	2 765,00
2022.01.21 09:15:00	30	WDO@N	sell	in	1	5 467,000	30	0,00	0,00	0,00	2 765,00
2022.01.21 13:20:10	31	WDO@N	buy	out	1	5 419,500	31	0,00	0,00	 475,00	3 240,00
2022.01.24 09:45:00	32	WDO@N	buy	in	1	5 479,500	32	0,00	0,00	0,00	3 240,00
2022.01.24 13:48:43	33	WDO@N	sell	out	1	5 526,500	33	0,00	0,00	 470,00	3 710,00
2022.01.25 09:15:00	34	WDO@N	sell	in	1	5 521,000	34	0,00	0,00	0,00	3 710,00
2022.01.25 14:19:29	35	WDO@N	buy	out	1	5 473,500	35	0,00	0,00	 475,00	4 185,00
2022.01.26 09:15:00	36	WDO@N	sell	in	1	5 444,500	36	0,00	0,00	0,00	4 185,00
2022.01.26 16:01:20	37	WDO@N	buy	out	1	5 397,500	37	0,00	0,00	 470,00	4 655,00
2022.01.27 09:15:00	38	WDO@N	buy	in	1	5 422,500	38	0,00	0,00	0,00	4 655,00
2022.01.27 09:51:01	39	WDO@N	sell	out	1	5 388,500	39	0,00	0,00	- 340,00	4 315,00
2022.01.28 09:15:00	40	WDO@N	buy	in	1	5 419,000	40	0,00	0,00	0,00	4 315,00
2022.01.28 10:36:02	41	WDO@N	sell	out	1	5 385,000	41	0,00	0,00	- 340,00	3 975,00
2022.01.31 09:15:00	42	WDO@N	sell	in	1	5 423,500	42	0,00	0,00	0,00	3 975,00
2022.01.31 12:21:29	43	WDO@N	buy	out	1	5 376,500	43	0,00	0,00	 470,00	4 445,00
2022.02.01 09:15:00	44	WDO@N	buy	in	1	5 322,000	44	0,00	0,00	0,00	4 445,00
2022.02.01 17:00:00	45	WDO@N	sell	out	1	5 309,000	45	0,00	0,00	- 130,00	4 315,00
2022.02.02 10:15:00	46	WDO@N	sell	in	1	5 304,000	46	0,00	0,00	0,00	4 315,00
2022.02.02 11:43:20	47	WDO@N	buy	out	1	5 337,500	47	0,00	0,00	- 335,00	3 980,00
2022.02.03 09:15:00	48	WDO@N	sell	in	1	5 320,500	48	0,00	0,00	0,00	3 980,00
2022.02.03 10:48:14	49	WDO@N	buy	out	1	5 354,000	49	0,00	0,00	- 335,00	3 645,00
2022.02.04 09:15:00	50	WDO@N	buy	in	1	5 314,000	50	0,00	0,00	0,00	3 645,00
2022.02.04 10:32:14	51	WDO@N	sell	out	1	5 362,000	51	0,00	0,00	 480,00	4 125,00
2022.02.07 09:45:00	52	WDO@N	buy	in	1	5 328,000	52	0,00	0,00	0,00	4 125,00
2022.02.07 14:45:03	53	WDO@N	sell	out	1	5 294,000	53	0,00	0,00	- 340,00	3 785,00
2022.02.08 09:15:00	54	WDO@N	buy	in	1	5 287,000	54	0,00	0,00	0,00	3 785,00
2022.02.08 17:00:00	55	WDO@N	sell	out	1	5 286,500	55	0,00	0,00	- 5,00	3 780,00
2022.02.09 09:15:00	56	WDO@N	buy	in	1	5 267,000	56	0,00	0,00	0,00	3 780,00
2022.02.09 10:52:59	57	WDO@N	sell	out	1	5 314,000	57	0,00	0,00	 470,00	4 250,00
2022.02.10 09:45:00	58	WDO@N	sell	in	1	5 262,000	58	0,00	0,00	0,00	4 250,00
2022.02.10 11:55:21	59	WDO@N	buy	out	1	5 214,500	59	0,00	0,00	 475,00	4 725,00
2022.02.11 09:15:00	60	WDO@N	buy	in	1	5 237,000	60	0,00	0,00	0,00	4 725,00
2022.02.11 10:08:14	61	WDO@N	sell	out	1	5 203,000	61	0,00	0,00	- 340,00	4 385,00
2022.02.14 09:30:00	62	WDO@N	buy	in	1	5 262,500	62	0,00	0,00	0,00	4 385,00
2022.02.14 09:46:16	63	WDO@N	sell	out	1	5 228,500	63	0,00	0,00	- 340,00	4 045,00
2022.02.15 09:15:00	64	WDO@N	sell	in	1	5 224,000	64	0,00	0,00	0,00	4 045,00
2022.02.15 17:00:00	65	WDO@N	buy	out	1	5 197,000	65	0,00	0,00	 270,00	4 315,00
2022.02.16 09:45:00	66	WDO@N	buy	in	1	5 171,500	66	0,00	0,00	0,00	4 315,00
2022.02.16 17:00:00	67	WDO@N	sell	out	1	5 142,500	67	0,00	0,00	- 290,00	4 025,00
2022.02.17 09:15:00	68	WDO@N	buy	in	1	5 146,500	68	0,00	0,00	0,00	4 025,00
2022.02.17 11:57:06	69	WDO@N	sell	out	1	5 193,000	69	0,00	0,00	 465,00	4 490,00
2022.02.18 09:15:00	70	WDO@N	buy	in	1	5 166,500	70	0,00	0,00	0,00	4 490,00
2022.02.18 12:03:20	71	WDO@N	sell	out	1	5 133,000	71	0,00	0,00	- 335,00	4 155,00
2022.02.21 09:15:00	72	WDO@N	sell	in	1	5 152,000	72	0,00	0,00	0,00	4 155,00
2022.02.21 11:13:19	73	WDO@N	buy	out	1	5 105,000	73	0,00	0,00	 470,00	4 625,00
2022.02.22 09:15:00	74	WDO@N	buy	in	1	5 087,500	74	0,00	0,00	0,00	4 625,00
2022.02.22 16:55:21	75	WDO@N	sell	out	1	5 052,500	75	0,00	0,00	- 350,00	4 275,00
2022.02.23 09:15:00	76	WDO@N	buy	in	1	5 024,000	76	0,00	0,00	0,00	4 275,00
2022.02.23 17:00:00	77	WDO@N	sell	out	1	5 005,500	77	0,00	0,00	- 185,00	4 090,00
2022.02.24 09:15:00	78	WDO@N	buy	in	1	5 041,000	78	0,00	0,00	0,00	4 090,00
2022.02.24 09:55:10	79	WDO@N	sell	out	1	5 089,000	79	0,00	0,00	 480,00	4 570,00
2022.02.25 09:15:00	80	WDO@N	buy	in	1	5 133,000	80	0,00	0,00	0,00	4 570,00
2022.02.25 11:09:14	81	WDO@N	sell	out	1	5 179,500	81	0,00	0,00	 465,00	5 035,00
2022.03.02 13:15:00	82	WDO@N	buy	in	1	5 232,500	82	0,00	0,00	0,00	5 035,00
2022.03.02 13:33:20	83	WDO@N	sell	out	1	5 198,500	83	0,00	0,00	- 340,00	4 695,00
2022.03.03 09:30:00	84	WDO@N	buy	in	1	5 135,000	84	0,00	0,00	0,00	4 695,00
2022.03.03 10:15:06	85	WDO@N	sell	out	1	5 101,000	85	0,00	0,00	- 340,00	4 355,00
2022.03.04 09:30:00	86	WDO@N	sell	in	1	5 093,000	86	0,00	0,00	0,00	4 355,00
2022.03.04 10:51:07	87	WDO@N	buy	out	1	5 127,500	87	0,00	0,00	- 345,00	4 010,00
2022.03.07 09:30:00	88	WDO@N	buy	in	1	5 090,500	88	0,00	0,00	0,00	4 010,00
2022.03.07 17:00:00	89	WDO@N	sell	out	1	5 115,000	89	0,00	0,00	 245,00	4 255,00
2022.03.08 09:15:00	90	WDO@N	buy	in	1	5 108,000	90	0,00	0,00	0,00	4 255,00
2022.03.08 17:00:00	91	WDO@N	sell	out	1	5 088,000	91	0,00	0,00	- 200,00	4 055,00
2022.03.10 09:45:00	92	WDO@N	sell	in	1	5 072,000	92	0,00	0,00	0,00	4 055,00
2022.03.10 11:38:43	93	WDO@N	buy	out	1	5 106,500	93	0,00	0,00	- 345,00	3 710,00
2022.03.11 10:00:00	94	WDO@N	sell	in	1	5 036,000	94	0,00	0,00	0,00	3 710,00
2022.03.11 12:28:38	95	WDO@N	buy	out	1	5 070,000	95	0,00	0,00	- 340,00	3 370,00
2022.03.14 09:30:00	96	WDO@N	buy	in	1	5 075,500	96	0,00	0,00	0,00	3 370,00
2022.03.14 13:11:17	97	WDO@N	sell	out	1	5 122,500	97	0,00	0,00	 470,00	3 840,00
2022.03.15 10:00:00	98	WDO@N	sell	in	1	5 139,000	98	0,00	0,00	0,00	3 840,00
2022.03.15 10:20:10	99	WDO@N	buy	out	1	5 172,500	99	0,00	0,00	- 335,00	3 505,00
2022.03.16 09:15:00	100	WDO@N	buy	in	1	5 149,000	100	0,00	0,00	0,00	3 505,00
2022.03.16 16:59:32	101	WDO@N	sell	out	1	5 115,000	101	0,00	0,00	- 340,00	3 165,00
2022.03.17 09:15:00	102	WDO@N	sell	in	1	5 117,000	102	0,00	0,00	0,00	3 165,00
2022.03.17 12:55:16	103	WDO@N	buy	out	1	5 070,500	103	0,00	0,00	 465,00	3 630,00
2022.03.18 09:45:00	104	WDO@N	sell	in	1	5 074,500	104	0,00	0,00	0,00	3 630,00
2022.03.18 13:17:40	105	WDO@N	buy	out	1	5 027,500	105	0,00	0,00	 470,00	4 100,00
2022.03.21 09:15:00	106	WDO@N	buy	in	1	5 027,500	106	0,00	0,00	0,00	4 100,00
2022.03.21 10:24:21	107	WDO@N	sell	out	1	4 993,000	107	0,00	0,00	- 345,00	3 755,00
2022.03.22 09:30:00	108	WDO@N	buy	in	1	4 927,500	108	0,00	0,00	0,00	3 755,00
2022.03.22 17:00:00	109	WDO@N	sell	out	1	4 929,000	109	0,00	0,00	 15,00	3 770,00
2022.03.23 09:15:00	110	WDO@N	buy	in	1	4 917,000	110	0,00	0,00	0,00	3 770,00
2022.03.23 11:08:05	111	WDO@N	sell	out	1	4 883,000	111	0,00	0,00	- 340,00	3 430,00
2022.03.24 09:15:00	112	WDO@N	buy	in	1	4 821,500	112	0,00	0,00	0,00	3 430,00
2022.03.24 11:30:21	113	WDO@N	sell	out	1	4 787,500	113	0,00	0,00	- 340,00	3 090,00
2022.03.25 09:15:00	114	WDO@N	buy	in	1	4 822,000	114	0,00	0,00	0,00	3 090,00
2022.03.25 10:08:59	115	WDO@N	sell	out	1	4 788,000	115	0,00	0,00	- 340,00	2 750,00
2022.03.28 09:15:00	116	WDO@N	sell	in	1	4 759,500	116	0,00	0,00	0,00	2 750,00
2022.03.28 10:10:08	117	WDO@N	buy	out	1	4 794,000	117	0,00	0,00	- 345,00	2 405,00
2022.03.29 09:15:00	118	WDO@N	buy	in	1	4 734,500	118	0,00	0,00	0,00	2 405,00
2022.03.29 14:05:21	119	WDO@N	sell	out	1	4 781,500	119	0,00	0,00	 470,00	2 875,00
2022.03.30 09:15:00	120	WDO@N	buy	in	1	4 750,000	120	0,00	0,00	0,00	2 875,00
2022.03.30 17:00:00	121	WDO@N	sell	out	1	4 787,000	121	0,00	0,00	 370,00	3 245,00
2022.03.31 10:00:00	122	WDO@N	buy	in	1	4 800,500	122	0,00	0,00	0,00	3 245,00
2022.03.31 12:58:16	123	WDO@N	sell	out	1	4 766,000	123	0,00	0,00	- 345,00	2 900,00
2022.04.01 09:15:00	124	WDO@N	buy	in	1	4 759,500	124	0,00	0,00	0,00	2 900,00
2022.04.01 09:40:02	125	WDO@N	sell	out	1	4 725,500	125	0,00	0,00	- 340,00	2 560,00
2022.04.04 09:15:00	126	WDO@N	buy	in	1	4 682,500	126	0,00	0,00	0,00	2 560,00
2022.04.04 10:18:21	127	WDO@N	sell	out	1	4 647,500	127	0,00	0,00	- 350,00	2 210,00
2022.04.05 09:30:00	128	WDO@N	sell	in	1	4 646,000	128	0,00	0,00	0,00	2 210,00
2022.04.05 11:13:14	129	WDO@N	buy	out	1	4 680,000	129	0,00	0,00	- 340,00	1 870,00
2022.04.06 09:15:00	130	WDO@N	sell	in	1	4 697,500	130	0,00	0,00	0,00	1 870,00
2022.04.06 10:38:16	131	WDO@N	buy	out	1	4 732,000	131	0,00	0,00	- 345,00	1 525,00
2022.04.07 10:00:00	132	WDO@N	buy	in	1	4 726,500	132	0,00	0,00	0,00	1 525,00
2022.04.07 10:53:32	133	WDO@N	sell	out	1	4 773,500	133	0,00	0,00	 470,00	1 995,00
2022.04.08 09:30:00	134	WDO@N	buy	in	1	4 754,500	134	0,00	0,00	0,00	1 995,00
2022.04.08 10:41:14	135	WDO@N	sell	out	1	4 801,500	135	0,00	0,00	 470,00	2 465,00
2022.04.11 09:15:00	136	WDO@N	sell	in	1	4 753,000	136	0,00	0,00	0,00	2 465,00
2022.04.11 15:49:09	137	WDO@N	buy	out	1	4 705,000	137	0,00	0,00	 480,00	2 945,00
2022.04.12 09:15:00	138	WDO@N	sell	in	1	4 713,500	138	0,00	0,00	0,00	2 945,00
2022.04.12 09:43:16	139	WDO@N	buy	out	1	4 666,500	139	0,00	0,00	 470,00	3 415,00
2022.04.13 09:15:00	140	WDO@N	buy	in	1	4 682,000	140	0,00	0,00	0,00	3 415,00
2022.04.13 17:00:00	141	WDO@N	sell	out	1	4 707,500	141	0,00	0,00	 255,00	3 670,00
2022.04.14 09:15:00	142	WDO@N	sell	in	1	4 726,500	142	0,00	0,00	0,00	3 670,00
2022.04.14 17:00:00	143	WDO@N	buy	out	1	4 714,500	143	0,00	0,00	 120,00	3 790,00
2022.04.18 09:15:00	144	WDO@N	sell	in	1	4 720,000	144	0,00	0,00	0,00	3 790,00
2022.04.18 14:21:48	145	WDO@N	buy	out	1	4 673,000	145	0,00	0,00	 470,00	4 260,00
2022.04.19 09:15:00	146	WDO@N	buy	in	1	4 664,500	146	0,00	0,00	0,00	4 260,00
2022.04.19 17:00:00	147	WDO@N	sell	out	1	4 680,500	147	0,00	0,00	 160,00	4 420,00
2022.04.20 09:15:00	148	WDO@N	sell	in	1	4 673,500	148	0,00	0,00	0,00	4 420,00
2022.04.20 12:05:41	149	WDO@N	buy	out	1	4 626,000	149	0,00	0,00	 475,00	4 895,00
2022.04.22 09:15:00	150	WDO@N	sell	in	1	4 717,000	150	0,00	0,00	0,00	4 895,00
2022.04.22 11:26:21	151	WDO@N	buy	out	1	4 751,500	151	0,00	0,00	- 345,00	4 550,00
2022.04.25 09:15:00	152	WDO@N	sell	in	1	4 843,000	152	0,00	0,00	0,00	4 550,00
2022.04.25 10:31:08	153	WDO@N	buy	out	1	4 877,000	153	0,00	0,00	- 340,00	4 210,00
2022.04.26 09:15:00	154	WDO@N	sell	in	1	4 923,500	154	0,00	0,00	0,00	4 210,00
2022.04.26 10:27:21	155	WDO@N	buy	out	1	4 957,500	155	0,00	0,00	- 340,00	3 870,00
2022.04.27 09:15:00	156	WDO@N	sell	in	1	5 015,500	156	0,00	0,00	0,00	3 870,00
2022.04.27 14:35:08	157	WDO@N	buy	out	1	4 968,000	157	0,00	0,00	 475,00	4 345,00
2022.04.28 09:15:00	158	WDO@N	sell	in	1	5 005,500	158	0,00	0,00	0,00	4 345,00
2022.04.28 11:27:14	159	WDO@N	buy	out	1	5 039,500	159	0,00	0,00	- 340,00	4 005,00
2022.05.02 09:15:00	160	WDO@N	sell	in	1	5 032,000	160	0,00	0,00	0,00	4 005,00
2022.05.02 09:52:16	161	WDO@N	buy	out	1	5 066,500	161	0,00	0,00	- 345,00	3 660,00
2022.05.03 09:45:00	162	WDO@N	sell	in	1	5 090,000	162	0,00	0,00	0,00	3 660,00
2022.05.03 12:18:10	163	WDO@N	buy	out	1	5 043,000	163	0,00	0,00	 470,00	4 130,00
2022.05.04 09:15:00	164	WDO@N	sell	in	1	5 020,000	164	0,00	0,00	0,00	4 130,00
2022.05.04 10:04:08	165	WDO@N	buy	out	1	5 054,000	165	0,00	0,00	- 340,00	3 790,00
2022.05.05 09:15:00	166	WDO@N	buy	in	1	4 978,500	166	0,00	0,00	0,00	3 790,00
2022.05.05 09:40:07	167	WDO@N	sell	out	1	5 025,500	167	0,00	0,00	 470,00	4 260,00
2022.05.06 09:30:00	168	WDO@N	sell	in	1	5 092,500	168	0,00	0,00	0,00	4 260,00
2022.05.06 09:37:14	169	WDO@N	buy	out	1	5 045,500	169	0,00	0,00	 470,00	4 730,00
2022.05.09 09:30:00	170	WDO@N	buy	in	1	5 164,000	170	0,00	0,00	0,00	4 730,00
2022.05.09 17:00:00	171	WDO@N	sell	out	1	5 190,000	171	0,00	0,00	 260,00	4 990,00
2022.05.10 09:15:00	172	WDO@N	buy	in	1	5 172,000	172	0,00	0,00	0,00	4 990,00
2022.05.10 17:00:00	173	WDO@N	sell	out	1	5 167,000	173	0,00	0,00	- 50,00	4 940,00
2022.05.11 09:30:00	174	WDO@N	sell	in	1	5 151,500	174	0,00	0,00	0,00	4 940,00
2022.05.11 09:32:08	175	WDO@N	buy	out	1	5 185,500	175	0,00	0,00	- 340,00	4 600,00
2022.05.12 09:15:00	176	WDO@N	sell	in	1	5 233,000	176	0,00	0,00	0,00	4 600,00
2022.05.12 10:08:21	177	WDO@N	buy	out	1	5 186,500	177	0,00	0,00	 465,00	5 065,00
2022.05.13 09:30:00	178	WDO@N	sell	in	1	5 166,500	178	0,00	0,00	0,00	5 065,00
2022.05.13 11:22:21	179	WDO@N	buy	out	1	5 118,000	179	0,00	0,00	 485,00	5 550,00
2022.05.16 09:15:00	180	WDO@N	buy	in	1	5 093,500	180	0,00	0,00	0,00	5 550,00
2022.05.16 10:40:21	181	WDO@N	sell	out	1	5 059,500	181	0,00	0,00	- 340,00	5 210,00
2022.05.17 09:15:00	182	WDO@N	buy	in	1	5 016,500	182	0,00	0,00	0,00	5 210,00
2022.05.17 10:03:59	183	WDO@N	sell	out	1	4 982,000	183	0,00	0,00	- 345,00	4 865,00
2022.05.18 09:15:00	184	WDO@N	buy	in	1	4 958,000	184	0,00	0,00	0,00	4 865,00
2022.05.18 14:13:21	185	WDO@N	sell	out	1	5 006,000	185	0,00	0,00	 480,00	5 345,00
2022.05.19 09:15:00	186	WDO@N	sell	in	1	4 966,500	186	0,00	0,00	0,00	5 345,00
2022.05.19 12:31:21	187	WDO@N	buy	out	1	4 919,500	187	0,00	0,00	 470,00	5 815,00
2022.05.20 09:15:00	188	WDO@N	sell	in	1	4 928,000	188	0,00	0,00	0,00	5 815,00
2022.05.20 11:28:21	189	WDO@N	buy	out	1	4 881,000	189	0,00	0,00	 470,00	6 285,00
2022.05.23 09:30:00	190	WDO@N	buy	in	1	4 845,500	190	0,00	0,00	0,00	6 285,00
2022.05.23 10:25:14	191	WDO@N	sell	out	1	4 811,500	191	0,00	0,00	- 340,00	5 945,00
2022.05.24 09:15:00	192	WDO@N	buy	in	1	4 841,000	192	0,00	0,00	0,00	5 945,00
2022.05.24 10:01:15	193	WDO@N	sell	out	1	4 807,000	193	0,00	0,00	- 340,00	5 605,00
2022.05.25 09:15:00	194	WDO@N	sell	in	1	4 862,000	194	0,00	0,00	0,00	5 605,00
2022.05.25 16:02:20	195	WDO@N	buy	out	1	4 814,500	195	0,00	0,00	 475,00	6 080,00
2022.05.26 09:15:00	196	WDO@N	sell	in	1	4 842,500	196	0,00	0,00	0,00	6 080,00
2022.05.26 11:16:05	197	WDO@N	buy	out	1	4 795,500	197	0,00	0,00	 470,00	6 550,00
2022.05.27 09:15:00	198	WDO@N	buy	in	1	4 755,000	198	0,00	0,00	0,00	6 550,00
2022.05.27 12:22:32	199	WDO@N	sell	out	1	4 721,000	199	0,00	0,00	- 340,00	6 210,00
2022.05.30 09:15:00	200	WDO@N	buy	in	1	4 705,500	200	0,00	0,00	0,00	6 210,00
2022.05.30 15:56:14	201	WDO@N	sell	out	1	4 752,500	201	0,00	0,00	 470,00	6 680,00
2022.05.31 10:15:00	202	WDO@N	buy	in	1	4 772,000	202	0,00	0,00	0,00	6 680,00
2022.05.31 17:00:00	203	WDO@N	sell	out	1	4 795,500	203	0,00	0,00	 235,00	6 915,00
2022.06.02 09:15:00	204	WDO@N	sell	in	1	4 841,500	204	0,00	0,00	0,00	6 915,00
2022.06.02 17:00:00	205	WDO@N	buy	out	1	4 826,000	205	0,00	0,00	 155,00	7 070,00
2022.06.03 09:15:00	206	WDO@N	buy	in	1	4 853,500	206	0,00	0,00	0,00	7 070,00
2022.06.03 10:53:20	207	WDO@N	sell	out	1	4 818,500	207	0,00	0,00	- 350,00	6 720,00
2022.06.06 09:45:00	208	WDO@N	sell	in	1	4 805,000	208	0,00	0,00	0,00	6 720,00
2022.06.06 12:26:43	209	WDO@N	buy	out	1	4 839,500	209	0,00	0,00	- 345,00	6 375,00
2022.06.07 09:15:00	210	WDO@N	sell	in	1	4 844,000	210	0,00	0,00	0,00	6 375,00
2022.06.07 09:38:07	211	WDO@N	buy	out	1	4 878,000	211	0,00	0,00	- 340,00	6 035,00
2022.06.08 09:30:00	212	WDO@N	sell	in	1	4 935,500	212	0,00	0,00	0,00	6 035,00
2022.06.08 10:24:13	213	WDO@N	buy	out	1	4 888,500	213	0,00	0,00	 470,00	6 505,00
2022.06.09 09:15:00	214	WDO@N	buy	in	1	4 919,500	214	0,00	0,00	0,00	6 505,00
2022.06.09 17:00:00	215	WDO@N	sell	out	1	4 947,000	215	0,00	0,00	 275,00	6 780,00
2022.06.10 09:15:00	216	WDO@N	buy	in	1	4 918,000	216	0,00	0,00	0,00	6 780,00
2022.06.10 09:52:59	217	WDO@N	sell	out	1	4 965,500	217	0,00	0,00	 475,00	7 255,00
2022.06.13 09:15:00	218	WDO@N	sell	in	1	5 077,500	218	0,00	0,00	0,00	7 255,00
2022.06.13 10:24:08	219	WDO@N	buy	out	1	5 112,500	219	0,00	0,00	- 350,00	6 905,00
2022.06.14 09:15:00	220	WDO@N	buy	in	1	5 128,000	220	0,00	0,00	0,00	6 905,00
2022.06.14 13:42:21	221	WDO@N	sell	out	1	5 175,500	221	0,00	0,00	 475,00	7 380,00
2022.06.15 10:00:00	222	WDO@N	sell	in	1	5 131,500	222	0,00	0,00	0,00	7 380,00
2022.06.15 15:39:00	223	WDO@N	buy	out	1	5 084,000	223	0,00	0,00	 475,00	7 855,00
2022.06.17 09:15:00	224	WDO@N	sell	in	1	5 152,500	224	0,00	0,00	0,00	7 855,00
2022.06.17 17:00:00	225	WDO@N	buy	out	1	5 166,000	225	0,00	0,00	- 135,00	7 720,00
2022.06.20 10:00:00	226	WDO@N	sell	in	1	5 182,000	226	0,00	0,00	0,00	7 720,00
2022.06.20 17:00:00	227	WDO@N	buy	out	1	5 206,500	227	0,00	0,00	- 245,00	7 475,00
2022.06.21 09:15:00	228	WDO@N	buy	in	1	5 176,000	228	0,00	0,00	0,00	7 475,00
2022.06.21 11:32:41	229	WDO@N	sell	out	1	5 141,000	229	0,00	0,00	- 350,00	7 125,00
2022.06.22 09:45:00	230	WDO@N	buy	in	1	5 161,500	230	0,00	0,00	0,00	7 125,00
2022.06.22 17:00:00	231	WDO@N	sell	out	1	5 191,000	231	0,00	0,00	 295,00	7 420,00
2022.06.23 10:00:00	232	WDO@N	buy	in	1	5 187,500	232	0,00	0,00	0,00	7 420,00
2022.06.23 14:39:41	233	WDO@N	sell	out	1	5 235,000	233	0,00	0,00	 475,00	7 895,00
2022.06.24 09:15:00	234	WDO@N	buy	in	1	5 224,500	234	0,00	0,00	0,00	7 895,00
2022.06.24 10:35:16	235	WDO@N	sell	out	1	5 271,000	235	0,00	0,00	 465,00	8 360,00
2022.06.27 09:45:00	236	WDO@N	sell	in	1	5 270,500	236	0,00	0,00	0,00	8 360,00
2022.06.27 11:50:21	237	WDO@N	buy	out	1	5 223,500	237	0,00	0,00	 470,00	8 830,00
2022.06.28 09:30:00	238	WDO@N	buy	in	1	5 226,000	238	0,00	0,00	0,00	8 830,00
2022.06.28 14:07:41	239	WDO@N	sell	out	1	5 272,500	239	0,00	0,00	 465,00	9 295,00
2022.06.29 09:30:00	240	WDO@N	buy	in	1	5 239,500	240	0,00	0,00	0,00	9 295,00
2022.06.29 15:12:32	241	WDO@N	sell	out	1	5 205,500	241	0,00	0,00	- 340,00	8 955,00
2022.06.30 09:30:00	242	WDO@N	sell	in	1	5 275,500	242	0,00	0,00	0,00	8 955,00
2022.06.30 10:13:39	243	WDO@N	buy	out	1	5 310,000	243	0,00	0,00	- 345,00	8 610,00
2022.07.01 09:30:00	244	WDO@N	sell	in	1	5 337,500	244	0,00	0,00	0,00	8 610,00
2022.07.01 11:04:16	245	WDO@N	buy	out	1	5 372,500	245	0,00	0,00	- 350,00	8 260,00
2022.07.04 09:15:00	246	WDO@N	sell	in	1	5 366,000	246	0,00	0,00	0,00	8 260,00
2022.07.04 17:00:00	247	WDO@N	buy	out	1	5 366,000	247	0,00	0,00	0,00	8 260,00
2022.07.05 09:45:00	248	WDO@N	sell	in	1	5 415,000	248	0,00	0,00	0,00	8 260,00
2022.07.05 17:00:00	249	WDO@N	buy	out	1	5 428,500	249	0,00	0,00	- 135,00	8 125,00
2022.07.06 09:15:00	250	WDO@N	sell	in	1	5 454,000	250	0,00	0,00	0,00	8 125,00
2022.07.06 12:30:59	251	WDO@N	buy	out	1	5 488,000	251	0,00	0,00	- 340,00	7 785,00
2022.07.07 10:15:00	252	WDO@N	buy	in	1	5 422,500	252	0,00	0,00	0,00	7 785,00
2022.07.07 10:49:21	253	WDO@N	sell	out	1	5 388,500	253	0,00	0,00	- 340,00	7 445,00
2022.07.08 09:15:00	254	WDO@N	buy	in	1	5 383,000	254	0,00	0,00	0,00	7 445,00
2022.07.08 10:13:21	255	WDO@N	sell	out	1	5 348,500	255	0,00	0,00	- 345,00	7 100,00
2022.07.11 09:30:00	256	WDO@N	sell	in	1	5 366,500	256	0,00	0,00	0,00	7 100,00
2022.07.11 15:09:01	257	WDO@N	buy	out	1	5 400,500	257	0,00	0,00	- 340,00	6 760,00
2022.07.12 09:45:00	258	WDO@N	sell	in	1	5 418,000	258	0,00	0,00	0,00	6 760,00
2022.07.12 10:29:21	259	WDO@N	buy	out	1	5 452,000	259	0,00	0,00	- 340,00	6 420,00
2022.07.13 09:30:00	260	WDO@N	buy	in	1	5 438,500	260	0,00	0,00	0,00	6 420,00
2022.07.13 09:33:05	261	WDO@N	sell	out	1	5 485,000	261	0,00	0,00	 465,00	6 885,00
2022.07.14 09:15:00	262	WDO@N	buy	in	1	5 482,500	262	0,00	0,00	0,00	6 885,00
2022.07.14 12:41:08	263	WDO@N	sell	out	1	5 447,000	263	0,00	0,00	- 355,00	6 530,00
2022.07.15 09:30:00	264	WDO@N	sell	in	1	5 448,000	264	0,00	0,00	0,00	6 530,00
2022.07.15 11:56:02	265	WDO@N	buy	out	1	5 400,000	265	0,00	0,00	 480,00	7 010,00
2022.07.18 09:45:00	266	WDO@N	buy	in	1	5 395,000	266	0,00	0,00	0,00	7 010,00
2022.07.18 16:30:07	267	WDO@N	sell	out	1	5 442,000	267	0,00	0,00	 470,00	7 480,00
2022.07.19 10:00:00	268	WDO@N	buy	in	1	5 411,000	268	0,00	0,00	0,00	7 480,00
2022.07.19 17:00:00	269	WDO@N	sell	out	1	5 435,500	269	0,00	0,00	 245,00	7 725,00
2022.07.20 09:45:00	270	WDO@N	sell	in	1	5 461,000	270	0,00	0,00	0,00	7 725,00
2022.07.20 10:10:20	271	WDO@N	buy	out	1	5 412,000	271	0,00	0,00	 490,00	8 215,00
2022.07.21 09:45:00	272	WDO@N	buy	in	1	5 452,000	272	0,00	0,00	0,00	8 215,00
2022.07.21 10:27:14	273	WDO@N	sell	out	1	5 498,500	273	0,00	0,00	 465,00	8 680,00
2022.07.22 09:30:00	274	WDO@N	buy	in	1	5 474,000	274	0,00	0,00	0,00	8 680,00
2022.07.22 17:00:00	275	WDO@N	sell	out	1	5 507,500	275	0,00	0,00	 335,00	9 015,00
2022.07.25 09:30:00	276	WDO@N	buy	in	1	5 463,000	276	0,00	0,00	0,00	9 015,00
2022.07.25 10:49:10	277	WDO@N	sell	out	1	5 427,000	277	0,00	0,00	- 360,00	8 655,00
2022.07.26 09:45:00	278	WDO@N	buy	in	1	5 369,000	278	0,00	0,00	0,00	8 655,00
2022.07.26 17:00:00	279	WDO@N	sell	out	1	5 357,000	279	0,00	0,00	- 120,00	8 535,00
2022.07.27 09:15:00	280	WDO@N	buy	in	1	5 328,500	280	0,00	0,00	0,00	8 535,00
2022.07.27 15:00:10	281	WDO@N	sell	out	1	5 294,000	281	0,00	0,00	- 345,00	8 190,00
2022.07.28 09:45:00	282	WDO@N	buy	in	1	5 219,500	282	0,00	0,00	0,00	8 190,00
2022.07.28 10:35:21	283	WDO@N	sell	out	1	5 184,000	283	0,00	0,00	- 355,00	7 835,00
2022.07.29 09:15:00	284	WDO@N	sell	in	1	5 219,500	284	0,00	0,00	0,00	7 835,00
2022.07.29 10:16:22	285	WDO@N	buy	out	1	5 253,000	285	0,00	0,00	- 335,00	7 500,00
2022.08.01 09:30:00	286	WDO@N	buy	in	1	5 180,000	286	0,00	0,00	0,00	7 500,00
2022.08.01 10:02:02	287	WDO@N	sell	out	1	5 227,000	287	0,00	0,00	 470,00	7 970,00
2022.08.02 10:00:00	288	WDO@N	buy	in	1	5 248,000	288	0,00	0,00	0,00	7 970,00
2022.08.02 14:24:14	289	WDO@N	sell	out	1	5 295,000	289	0,00	0,00	 470,00	8 440,00
2022.08.04 09:15:00	290	WDO@N	buy	in	1	5 309,000	290	0,00	0,00	0,00	8 440,00
2022.08.04 10:47:21	291	WDO@N	sell	out	1	5 274,500	291	0,00	0,00	- 345,00	8 095,00
2022.08.05 09:15:00	292	WDO@N	buy	in	1	5 251,500	292	0,00	0,00	0,00	8 095,00
2022.08.05 09:34:10	293	WDO@N	sell	out	1	5 300,000	293	0,00	0,00	 485,00	8 580,00
2022.08.08 09:15:00	294	WDO@N	buy	in	1	5 173,000	294	0,00	0,00	0,00	8 580,00
2022.08.08 10:33:08	295	WDO@N	sell	out	1	5 139,000	295	0,00	0,00	- 340,00	8 240,00
2022.08.09 09:30:00	296	WDO@N	buy	in	1	5 149,000	296	0,00	0,00	0,00	8 240,00
2022.08.09 17:00:00	297	WDO@N	sell	out	1	5 162,000	297	0,00	0,00	 130,00	8 370,00
2022.08.10 09:30:00	298	WDO@N	sell	in	1	5 162,500	298	0,00	0,00	0,00	8 370,00
2022.08.10 09:30:07	299	WDO@N	buy	out	1	5 110,000	299	0,00	0,00	 525,00	8 895,00
2022.08.11 09:15:00	300	WDO@N	buy	in	1	5 103,000	300	0,00	0,00	0,00	8 895,00
2022.08.11 11:41:16	301	WDO@N	sell	out	1	5 150,000	301	0,00	0,00	 470,00	9 365,00
2022.08.12 09:30:00	302	WDO@N	buy	in	1	5 169,500	302	0,00	0,00	0,00	9 365,00
2022.08.12 10:44:21	303	WDO@N	sell	out	1	5 135,000	303	0,00	0,00	- 345,00	9 020,00
2022.08.15 09:15:00	304	WDO@N	sell	in	1	5 151,500	304	0,00	0,00	0,00	9 020,00
2022.08.15 13:03:05	305	WDO@N	buy	out	1	5 104,500	305	0,00	0,00	 470,00	9 490,00
2022.08.16 10:00:00	306	WDO@N	buy	in	1	5 144,500	306	0,00	0,00	0,00	9 490,00
2022.08.16 17:00:00	307	WDO@N	sell	out	1	5 163,500	307	0,00	0,00	 190,00	9 680,00
2022.08.17 09:15:00	308	WDO@N	sell	in	1	5 220,000	308	0,00	0,00	0,00	9 680,00
2022.08.17 15:03:13	309	WDO@N	buy	out	1	5 172,000	309	0,00	0,00	 480,00	10 160,00
2022.08.18 09:15:00	310	WDO@N	buy	in	1	5 160,500	310	0,00	0,00	0,00	10 160,00
2022.08.18 10:50:21	311	WDO@N	sell	out	1	5 207,500	311	0,00	0,00	 470,00	10 630,00
2022.08.19 09:45:00	312	WDO@N	buy	in	1	5 209,000	312	0,00	0,00	0,00	10 630,00
2022.08.19 17:00:00	313	WDO@N	sell	out	1	5 185,000	313	0,00	0,00	- 240,00	10 390,00
2022.08.22 09:15:00	314	WDO@N	buy	in	1	5 190,000	314	0,00	0,00	0,00	10 390,00
2022.08.22 17:00:00	315	WDO@N	sell	out	1	5 179,000	315	0,00	0,00	- 110,00	10 280,00
2022.08.23 09:30:00	316	WDO@N	sell	in	1	5 155,500	316	0,00	0,00	0,00	10 280,00
2022.08.23 11:00:07	317	WDO@N	buy	out	1	5 107,000	317	0,00	0,00	 485,00	10 765,00
2022.08.24 09:15:00	318	WDO@N	buy	in	1	5 104,000	318	0,00	0,00	0,00	10 765,00
2022.08.24 17:00:00	319	WDO@N	sell	out	1	5 119,500	319	0,00	0,00	 155,00	10 920,00
2022.08.25 09:15:00	320	WDO@N	sell	in	1	5 111,500	320	0,00	0,00	0,00	10 920,00
2022.08.25 09:51:21	321	WDO@N	buy	out	1	5 145,500	321	0,00	0,00	- 340,00	10 580,00
2022.08.26 09:15:00	322	WDO@N	buy	in	1	5 110,000	322	0,00	0,00	0,00	10 580,00
2022.08.26 10:08:20	323	WDO@N	sell	out	1	5 075,500	323	0,00	0,00	- 345,00	10 235,00
2022.08.29 09:30:00	324	WDO@N	buy	in	1	5 060,000	324	0,00	0,00	0,00	10 235,00
2022.08.29 13:02:16	325	WDO@N	sell	out	1	5 025,500	325	0,00	0,00	- 345,00	9 890,00
2022.08.30 09:30:00	326	WDO@N	sell	in	1	5 032,500	326	0,00	0,00	0,00	9 890,00
2022.08.30 10:46:21	327	WDO@N	buy	out	1	5 066,500	327	0,00	0,00	- 340,00	9 550,00
2022.08.31 09:15:00	328	WDO@N	sell	in	1	5 188,000	328	0,00	0,00	0,00	9 550,00
2022.08.31 10:18:07	329	WDO@N	buy	out	1	5 222,500	329	0,00	0,00	- 345,00	9 205,00
2022.09.01 09:15:00	330	WDO@N	sell	in	1	5 261,000	330	0,00	0,00	0,00	9 205,00
2022.09.01 10:05:21	331	WDO@N	buy	out	1	5 213,500	331	0,00	0,00	 475,00	9 680,00
2022.09.02 09:45:00	332	WDO@N	buy	in	1	5 238,000	332	0,00	0,00	0,00	9 680,00
2022.09.02 13:05:43	333	WDO@N	sell	out	1	5 204,000	333	0,00	0,00	- 340,00	9 340,00
2022.09.05 09:30:00	334	WDO@N	buy	in	1	5 210,000	334	0,00	0,00	0,00	9 340,00
2022.09.05 17:00:00	335	WDO@N	sell	out	1	5 188,500	335	0,00	0,00	- 215,00	9 125,00
2022.09.06 09:30:00	336	WDO@N	sell	in	1	5 212,000	336	0,00	0,00	0,00	9 125,00
2022.09.06 10:31:20	337	WDO@N	buy	out	1	5 246,000	337	0,00	0,00	- 340,00	8 785,00
2022.09.08 09:15:00	338	WDO@N	buy	in	1	5 231,500	338	0,00	0,00	0,00	8 785,00
2022.09.08 17:00:00	339	WDO@N	sell	out	1	5 237,000	339	0,00	0,00	 55,00	8 840,00
2022.09.09 09:30:00	340	WDO@N	sell	in	1	5 221,500	340	0,00	0,00	0,00	8 840,00
2022.09.09 11:42:16	341	WDO@N	buy	out	1	5 173,500	341	0,00	0,00	 480,00	9 320,00
2022.09.12 10:00:00	342	WDO@N	sell	in	1	5 162,000	342	0,00	0,00	0,00	9 320,00
2022.09.12 15:28:16	343	WDO@N	buy	out	1	5 115,500	343	0,00	0,00	 465,00	9 785,00
2022.09.13 09:45:00	344	WDO@N	sell	in	1	5 193,000	344	0,00	0,00	0,00	9 785,00
2022.09.13 09:59:08	345	WDO@N	buy	out	1	5 227,000	345	0,00	0,00	- 340,00	9 445,00
2022.09.14 09:30:00	346	WDO@N	buy	in	1	5 195,500	346	0,00	0,00	0,00	9 445,00
2022.09.14 17:00:00	347	WDO@N	sell	out	1	5 200,000	347	0,00	0,00	 45,00	9 490,00
2022.09.15 09:15:00	348	WDO@N	sell	in	1	5 209,500	348	0,00	0,00	0,00	9 490,00
2022.09.15 11:30:08	349	WDO@N	buy	out	1	5 243,500	349	0,00	0,00	- 340,00	9 150,00
2022.09.16 09:30:00	350	WDO@N	sell	in	1	5 282,500	350	0,00	0,00	0,00	9 150,00
2022.09.16 10:48:16	351	WDO@N	buy	out	1	5 316,000	351	0,00	0,00	- 335,00	8 815,00
2022.09.20 09:15:00	352	WDO@N	sell	in	1	5 234,500	352	0,00	0,00	0,00	8 815,00
2022.09.20 10:11:59	353	WDO@N	buy	out	1	5 186,500	353	0,00	0,00	 480,00	9 295,00
2022.09.21 09:30:00	354	WDO@N	buy	in	1	5 145,000	354	0,00	0,00	0,00	9 295,00
2022.09.21 11:42:21	355	WDO@N	sell	out	1	5 192,000	355	0,00	0,00	 470,00	9 765,00
2022.09.22 09:30:00	356	WDO@N	sell	in	1	5 144,500	356	0,00	0,00	0,00	9 765,00
2022.09.22 10:21:21	357	WDO@N	buy	out	1	5 178,500	357	0,00	0,00	- 340,00	9 425,00
2022.09.23 09:30:00	358	WDO@N	sell	in	1	5 210,000	358	0,00	0,00	0,00	9 425,00
2022.09.23 11:25:02	359	WDO@N	buy	out	1	5 244,000	359	0,00	0,00	- 340,00	9 085,00
2022.09.26 09:15:00	360	WDO@N	sell	in	1	5 346,000	360	0,00	0,00	0,00	9 085,00
2022.09.26 12:32:19	361	WDO@N	buy	out	1	5 380,000	361	0,00	0,00	- 340,00	8 745,00
2022.09.27 09:15:00	362	WDO@N	buy	in	1	5 319,000	362	0,00	0,00	0,00	8 745,00
2022.09.27 10:50:14	363	WDO@N	sell	out	1	5 367,000	363	0,00	0,00	 480,00	9 225,00
2022.09.28 09:30:00	364	WDO@N	buy	in	1	5 396,000	364	0,00	0,00	0,00	9 225,00
2022.09.28 10:06:07	365	WDO@N	sell	out	1	5 361,500	365	0,00	0,00	- 345,00	8 880,00
2022.09.29 09:15:00	366	WDO@N	sell	in	1	5 412,500	366	0,00	0,00	0,00	8 880,00
2022.09.29 17:00:00	367	WDO@N	buy	out	1	5 396,500	367	0,00	0,00	 160,00	9 040,00
2022.10.03 09:15:00	368	WDO@N	sell	in	1	5 340,500	368	0,00	0,00	0,00	9 040,00
2022.10.03 09:49:10	369	WDO@N	buy	out	1	5 292,000	369	0,00	0,00	 485,00	9 525,00
2022.10.04 09:15:00	370	WDO@N	buy	in	1	5 148,500	370	0,00	0,00	0,00	9 525,00
2022.10.04 10:50:16	371	WDO@N	sell	out	1	5 195,500	371	0,00	0,00	 470,00	9 995,00
2022.10.05 09:15:00	372	WDO@N	buy	in	1	5 230,000	372	0,00	0,00	0,00	9 995,00
2022.10.05 15:38:14	373	WDO@N	sell	out	1	5 196,000	373	0,00	0,00	- 340,00	9 655,00
2022.10.06 10:15:00	374	WDO@N	sell	in	1	5 228,500	374	0,00	0,00	0,00	9 655,00
2022.10.06 17:00:00	375	WDO@N	buy	out	1	5 236,000	375	0,00	0,00	- 75,00	9 580,00
2022.10.07 09:45:00	376	WDO@N	sell	in	1	5 259,500	376	0,00	0,00	0,00	9 580,00
2022.10.07 17:00:00	377	WDO@N	buy	out	1	5 239,000	377	0,00	0,00	 205,00	9 785,00
2022.10.10 09:45:00	378	WDO@N	buy	in	1	5 203,500	378	0,00	0,00	0,00	9 785,00
2022.10.10 17:00:00	379	WDO@N	sell	out	1	5 215,000	379	0,00	0,00	 115,00	9 900,00
2022.10.11 09:15:00	380	WDO@N	sell	in	1	5 212,000	380	0,00	0,00	0,00	9 900,00
2022.10.11 11:03:19	381	WDO@N	buy	out	1	5 246,500	381	0,00	0,00	- 345,00	9 555,00
2022.10.13 09:45:00	382	WDO@N	sell	in	1	5 381,500	382	0,00	0,00	0,00	9 555,00
2022.10.13 10:50:13	383	WDO@N	buy	out	1	5 335,000	383	0,00	0,00	 465,00	10 020,00
2022.10.14 09:15:00	384	WDO@N	buy	in	1	5 286,000	384	0,00	0,00	0,00	10 020,00
2022.10.14 13:16:16	385	WDO@N	sell	out	1	5 333,000	385	0,00	0,00	 470,00	10 490,00
2022.10.17 09:15:00	386	WDO@N	sell	in	1	5 304,000	386	0,00	0,00	0,00	10 490,00
2022.10.17 17:00:00	387	WDO@N	buy	out	1	5 317,000	387	0,00	0,00	- 130,00	10 360,00
2022.10.18 10:15:00	388	WDO@N	sell	in	1	5 286,500	388	0,00	0,00	0,00	10 360,00
2022.10.18 17:00:00	389	WDO@N	buy	out	1	5 268,000	389	0,00	0,00	 185,00	10 545,00
2022.10.19 09:15:00	390	WDO@N	sell	in	1	5 306,000	390	0,00	0,00	0,00	10 545,00
2022.10.19 17:00:00	391	WDO@N	buy	out	1	5 287,000	391	0,00	0,00	 190,00	10 735,00
2022.10.20 09:15:00	392	WDO@N	buy	in	1	5 250,500	392	0,00	0,00	0,00	10 735,00
2022.10.20 11:46:13	393	WDO@N	sell	out	1	5 216,000	393	0,00	0,00	- 345,00	10 390,00
2022.10.21 09:15:00	394	WDO@N	sell	in	1	5 262,500	394	0,00	0,00	0,00	10 390,00
2022.10.21 10:53:21	395	WDO@N	buy	out	1	5 215,000	395	0,00	0,00	 475,00	10 865,00
2022.10.24 09:15:00	396	WDO@N	sell	in	1	5 232,500	396	0,00	0,00	0,00	10 865,00
2022.10.24 10:22:14	397	WDO@N	buy	out	1	5 267,500	397	0,00	0,00	- 350,00	10 515,00
2022.10.25 09:30:00	398	WDO@N	sell	in	1	5 311,500	398	0,00	0,00	0,00	10 515,00
2022.10.25 09:42:08	399	WDO@N	buy	out	1	5 346,000	399	0,00	0,00	- 345,00	10 170,00
2022.10.26 09:15:00	400	WDO@N	buy	in	1	5 286,000	400	0,00	0,00	0,00	10 170,00
2022.10.26 09:53:08	401	WDO@N	sell	out	1	5 333,500	401	0,00	0,00	 475,00	10 645,00
2022.10.27 09:15:00	402	WDO@N	buy	in	1	5 374,000	402	0,00	0,00	0,00	10 645,00
2022.10.27 09:31:08	403	WDO@N	sell	out	1	5 339,000	403	0,00	0,00	- 350,00	10 295,00
2022.10.28 09:30:00	404	WDO@N	sell	in	1	5 363,000	404	0,00	0,00	0,00	10 295,00
2022.10.28 15:59:31	405	WDO@N	buy	out	1	5 316,000	405	0,00	0,00	 470,00	10 765,00
2022.10.31 09:15:00	406	WDO@N	buy	in	1	5 369,000	406	0,00	0,00	0,00	10 765,00
2022.10.31 10:37:14	407	WDO@N	sell	out	1	5 335,000	407	0,00	0,00	- 340,00	10 425,00
2022.11.01 09:15:00	408	WDO@N	sell	in	1	5 207,500	408	0,00	0,00	0,00	10 425,00
2022.11.01 11:39:13	409	WDO@N	buy	out	1	5 158,500	409	0,00	0,00	 490,00	10 915,00
2022.11.03 09:15:00	410	WDO@N	buy	in	1	5 207,000	410	0,00	0,00	0,00	10 915,00
2022.11.03 09:32:10	411	WDO@N	sell	out	1	5 254,000	411	0,00	0,00	 470,00	11 385,00
2022.11.04 09:15:00	412	WDO@N	sell	in	1	5 122,500	412	0,00	0,00	0,00	11 385,00
2022.11.04 09:54:13	413	WDO@N	buy	out	1	5 075,500	413	0,00	0,00	 470,00	11 855,00
2022.11.07 09:15:00	414	WDO@N	sell	in	1	5 109,500	414	0,00	0,00	0,00	11 855,00
2022.11.07 12:26:43	415	WDO@N	buy	out	1	5 143,500	415	0,00	0,00	- 340,00	11 515,00
2022.11.08 09:15:00	416	WDO@N	sell	in	1	5 257,000	416	0,00	0,00	0,00	11 515,00
2022.11.08 10:21:16	417	WDO@N	buy	out	1	5 210,000	417	0,00	0,00	 470,00	11 985,00
2022.11.09 09:15:00	418	WDO@N	sell	in	1	5 207,000	418	0,00	0,00	0,00	11 985,00
2022.11.09 12:10:14	419	WDO@N	buy	out	1	5 159,500	419	0,00	0,00	 475,00	12 460,00
2022.11.10 09:15:00	420	WDO@N	sell	in	1	5 321,500	420	0,00	0,00	0,00	12 460,00
2022.11.10 09:32:12	421	WDO@N	buy	out	1	5 355,000	421	0,00	0,00	- 335,00	12 125,00
2022.11.11 09:15:00	422	WDO@N	sell	in	1	5 393,500	422	0,00	0,00	0,00	12 125,00
2022.11.11 10:22:10	423	WDO@N	buy	out	1	5 346,500	423	0,00	0,00	 470,00	12 595,00
2022.11.14 09:15:00	424	WDO@N	buy	in	1	5 307,000	424	0,00	0,00	0,00	12 595,00
2022.11.14 11:41:15	425	WDO@N	sell	out	1	5 353,500	425	0,00	0,00	 465,00	13 060,00
2022.11.16 09:15:00	426	WDO@N	sell	in	1	5 371,000	426	0,00	0,00	0,00	13 060,00
2022.11.16 10:46:21	427	WDO@N	buy	out	1	5 322,500	427	0,00	0,00	 485,00	13 545,00
2022.11.17 09:15:00	428	WDO@N	buy	in	1	5 495,000	428	0,00	0,00	0,00	13 545,00
2022.11.17 11:49:02	429	WDO@N	sell	out	1	5 461,500	429	0,00	0,00	- 335,00	13 210,00
2022.11.18 09:15:00	430	WDO@N	buy	in	1	5 372,500	430	0,00	0,00	0,00	13 210,00
2022.11.18 17:00:00	431	WDO@N	sell	out	1	5 389,500	431	0,00	0,00	 170,00	13 380,00
2022.11.21 09:15:00	432	WDO@N	buy	in	1	5 362,500	432	0,00	0,00	0,00	13 380,00
2022.11.21 09:25:13	433	WDO@N	sell	out	1	5 328,500	433	0,00	0,00	- 340,00	13 040,00
2022.11.22 09:15:00	434	WDO@N	buy	in	1	5 298,500	434	0,00	0,00	0,00	13 040,00
2022.11.22 10:22:08	435	WDO@N	sell	out	1	5 347,000	435	0,00	0,00	 485,00	13 525,00
2022.11.23 09:15:00	436	WDO@N	sell	in	1	5 380,000	436	0,00	0,00	0,00	13 525,00
2022.11.23 10:43:09	437	WDO@N	buy	out	1	5 414,000	437	0,00	0,00	- 340,00	13 185,00
2022.11.24 09:15:00	438	WDO@N	buy	in	1	5 317,000	438	0,00	0,00	0,00	13 185,00
2022.11.24 17:00:00	439	WDO@N	sell	out	1	5 316,500	439	0,00	0,00	- 5,00	13 180,00
2022.11.25 09:45:00	440	WDO@N	buy	in	1	5 321,500	440	0,00	0,00	0,00	13 180,00
2022.11.25 10:58:21	441	WDO@N	sell	out	1	5 370,000	441	0,00	0,00	 485,00	13 665,00
2022.11.28 09:15:00	442	WDO@N	buy	in	1	5 383,500	442	0,00	0,00	0,00	13 665,00
2022.11.28 17:00:00	443	WDO@N	sell	out	1	5 367,000	443	0,00	0,00	- 165,00	13 500,00
2022.11.29 09:15:00	444	WDO@N	buy	in	1	5 308,500	444	0,00	0,00	0,00	13 500,00
2022.11.29 17:00:00	445	WDO@N	sell	out	1	5 288,500	445	0,00	0,00	- 200,00	13 300,00
2022.11.30 09:15:00	446	WDO@N	buy	in	1	5 283,000	446	0,00	0,00	0,00	13 300,00
2022.11.30 09:56:10	447	WDO@N	sell	out	1	5 329,500	447	0,00	0,00	 465,00	13 765,00
2022.12.01 09:15:00	448	WDO@N	sell	in	1	5 237,000	448	0,00	0,00	0,00	13 765,00
2022.12.01 17:00:00	449	WDO@N	buy	out	1	5 230,000	449	0,00	0,00	 70,00	13 835,00
2022.12.02 09:15:00	450	WDO@N	buy	in	1	5 201,000	450	0,00	0,00	0,00	13 835,00
2022.12.02 10:32:03	451	WDO@N	sell	out	1	5 247,500	451	0,00	0,00	 465,00	14 300,00
2022.12.05 09:15:00	452	WDO@N	sell	in	1	5 261,000	452	0,00	0,00	0,00	14 300,00
2022.12.05 13:55:41	453	WDO@N	buy	out	1	5 295,000	453	0,00	0,00	- 340,00	13 960,00
2022.12.06 09:15:00	454	WDO@N	buy	in	1	5 277,000	454	0,00	0,00	0,00	13 960,00
2022.12.06 17:00:00	455	WDO@N	sell	out	1	5 297,500	455	0,00	0,00	 205,00	14 165,00
2022.12.07 09:15:00	456	WDO@N	buy	in	1	5 282,000	456	0,00	0,00	0,00	14 165,00
2022.12.07 09:58:21	457	WDO@N	sell	out	1	5 247,500	457	0,00	0,00	- 345,00	13 820,00
2022.12.08 09:15:00	458	WDO@N	sell	in	1	5 268,500	458	0,00	0,00	0,00	13 820,00
2022.12.08 11:58:21	459	WDO@N	buy	out	1	5 221,500	459	0,00	0,00	 470,00	14 290,00
2022.12.09 09:45:00	460	WDO@N	sell	in	1	5 269,500	460	0,00	0,00	0,00	14 290,00
2022.12.09 10:58:10	461	WDO@N	buy	out	1	5 304,000	461	0,00	0,00	- 345,00	13 945,00
2022.12.12 09:45:00	462	WDO@N	sell	in	1	5 277,500	462	0,00	0,00	0,00	13 945,00
2022.12.12 10:41:14	463	WDO@N	buy	out	1	5 311,500	463	0,00	0,00	- 340,00	13 605,00
2022.12.13 09:15:00	464	WDO@N	buy	in	1	5 329,000	464	0,00	0,00	0,00	13 605,00
2022.12.13 10:30:02	465	WDO@N	sell	out	1	5 291,500	465	0,00	0,00	- 375,00	13 230,00
2022.12.14 09:15:00	466	WDO@N	sell	in	1	5 386,000	466	0,00	0,00	0,00	13 230,00
2022.12.14 12:51:16	467	WDO@N	buy	out	1	5 338,000	467	0,00	0,00	 480,00	13 710,00
2022.12.15 09:30:00	468	WDO@N	buy	in	1	5 328,500	468	0,00	0,00	0,00	13 710,00
2022.12.15 17:00:00	469	WDO@N	sell	out	1	5 332,500	469	0,00	0,00	 40,00	13 750,00
2022.12.16 10:00:00	470	WDO@N	buy	in	1	5 312,000	470	0,00	0,00	0,00	13 750,00
2022.12.16 13:19:43	471	WDO@N	sell	out	1	5 278,000	471	0,00	0,00	- 340,00	13 410,00
2022.12.19 09:15:00	472	WDO@N	buy	in	1	5 342,500	472	0,00	0,00	0,00	13 410,00
2022.12.19 15:12:14	473	WDO@N	sell	out	1	5 308,500	473	0,00	0,00	- 340,00	13 070,00
2022.12.20 09:15:00	474	WDO@N	sell	in	1	5 318,000	474	0,00	0,00	0,00	13 070,00
2022.12.20 11:00:21	475	WDO@N	buy	out	1	5 270,500	475	0,00	0,00	 475,00	13 545,00
2022.12.21 09:30:00	476	WDO@N	buy	in	1	5 203,000	476	0,00	0,00	0,00	13 545,00
2022.12.21 10:36:20	477	WDO@N	sell	out	1	5 169,000	477	0,00	0,00	- 340,00	13 205,00
2022.12.22 10:15:00	478	WDO@N	sell	in	1	5 215,500	478	0,00	0,00	0,00	13 205,00
2022.12.22 11:41:21	479	WDO@N	buy	out	1	5 168,500	479	0,00	0,00	 470,00	13 675,00
2022.12.23 09:15:00	480	WDO@N	buy	in	1	5 169,500	480	0,00	0,00	0,00	13 675,00
2022.12.23 12:05:21	481	WDO@N	sell	out	1	5 134,500	481	0,00	0,00	- 350,00	13 325,00
2022.12.26 09:15:00	482	WDO@N	sell	in	1	5 189,000	482	0,00	0,00	0,00	13 325,00
2022.12.26 17:00:00	483	WDO@N	buy	out	1	5 209,500	483	0,00	0,00	- 205,00	13 120,00
2022.12.27 09:15:00	484	WDO@N	sell	in	1	5 242,000	484	0,00	0,00	0,00	13 120,00
2022.12.27 09:56:13	485	WDO@N	buy	out	1	5 276,500	485	0,00	0,00	- 345,00	12 775,00
2022.12.28 09:45:00	486	WDO@N	sell	in	1	5 269,500	486	0,00	0,00	0,00	12 775,00
2022.12.28 17:00:00	487	WDO@N	buy	out	1	5 256,500	487	0,00	0,00	 130,00	12 905,00
2022.12.29 09:30:00	488	WDO@N	buy	in	1	5 267,000	488	0,00	0,00	0,00	12 905,00
2022.12.29 10:02:21	489	WDO@N	sell	out	1	5 233,500	489	0,00	0,00	- 335,00	12 570,00
2023.01.02 09:15:00	490	WDO@N	sell	in	1	5 377,500	490	0,00	0,00	0,00	12 570,00
2023.01.02 17:00:00	491	WDO@N	buy	out	1	5 390,500	491	0,00	0,00	- 130,00	12 440,00
2023.01.03 09:15:00	492	WDO@N	buy	in	1	5 403,500	492	0,00	0,00	0,00	12 440,00
2023.01.03 13:35:20	493	WDO@N	sell	out	1	5 450,500	493	0,00	0,00	 470,00	12 910,00
2023.01.04 09:30:00	494	WDO@N	sell	in	1	5 488,000	494	0,00	0,00	0,00	12 910,00
2023.01.04 17:00:00	495	WDO@N	buy	out	1	5 482,000	495	0,00	0,00	 60,00	12 970,00
2023.01.05 09:15:00	496	WDO@N	buy	in	1	5 429,000	496	0,00	0,00	0,00	12 970,00
2023.01.05 15:06:20	497	WDO@N	sell	out	1	5 394,000	497	0,00	0,00	- 350,00	12 620,00
2023.01.06 09:30:00	498	WDO@N	buy	in	1	5 375,500	498	0,00	0,00	0,00	12 620,00
2023.01.06 10:40:14	499	WDO@N	sell	out	1	5 340,500	499	0,00	0,00	- 350,00	12 270,00
2023.01.09 09:15:00	500	WDO@N	buy	in	1	5 285,000	500	0,00	0,00	0,00	12 270,00
2023.01.09 11:02:20	501	WDO@N	sell	out	1	5 332,000	501	0,00	0,00	 470,00	12 740,00
2023.01.10 09:15:00	502	WDO@N	sell	in	1	5 288,500	502	0,00	0,00	0,00	12 740,00
2023.01.10 13:20:41	503	WDO@N	buy	out	1	5 241,500	503	0,00	0,00	 470,00	13 210,00
2023.01.11 09:30:00	504	WDO@N	sell	in	1	5 235,500	504	0,00	0,00	0,00	13 210,00
2023.01.11 14:55:16	505	WDO@N	buy	out	1	5 189,000	505	0,00	0,00	 465,00	13 675,00
