2022.01.03 11:00:00	2	WIN@N	sell	in	1	106 690	2	0,00	0,00	0,00	1 000,00
2022.01.03 11:05:06	3	WIN@N	buy	out	1	106 160	3	0,00	0,00	 106,00	1 106,00
2022.01.04 10:00:00	4	WIN@N	sell	in	1	105 695	4	0,00	0,00	0,00	1 106,00
2022.01.04 10:06:02	5	WIN@N	buy	out	1	105 165	5	0,00	0,00	 106,00	1 212,00
2022.01.05 10:00:00	6	WIN@N	buy	in	1	104 060	6	0,00	0,00	0,00	1 212,00
2022.01.05 10:30:01	7	WIN@N	sell	out	1	103 495	7	0,00	0,00	- 113,00	1 099,00
2022.01.06 10:00:00	8	WIN@N	sell	in	1	102 375	8	0,00	0,00	0,00	1 099,00
2022.01.06 11:36:07	9	WIN@N	buy	out	1	102 940	9	0,00	0,00	- 113,00	 986,00
2022.01.07 10:00:00	10	WIN@N	sell	in	1	102 595	10	0,00	0,00	0,00	 986,00
2022.01.07 10:10:07	11	WIN@N	buy	out	1	102 065	11	0,00	0,00	 106,00	1 092,00
2022.01.10 10:00:00	12	WIN@N	buy	in	1	102 590	12	0,00	0,00	0,00	1 092,00
2022.01.10 11:08:03	13	WIN@N	sell	out	1	103 120	13	0,00	0,00	 106,00	1 198,00
2022.01.11 10:00:00	14	WIN@N	buy	in	1	102 690	14	0,00	0,00	0,00	1 198,00
2022.01.11 10:22:02	15	WIN@N	sell	out	1	103 220	15	0,00	0,00	 106,00	1 304,00
2022.01.12 10:00:00	16	WIN@N	buy	in	1	104 475	16	0,00	0,00	0,00	1 304,00
2022.01.12 10:12:08	17	WIN@N	sell	out	1	105 000	17	0,00	0,00	 105,00	1 409,00
2022.01.13 10:00:00	18	WIN@N	buy	in	1	105 900	18	0,00	0,00	0,00	1 409,00
2022.01.13 11:11:10	19	WIN@N	sell	out	1	106 435	19	0,00	0,00	 107,00	1 516,00
2022.01.14 10:00:00	20	WIN@N	buy	in	1	105 950	20	0,00	0,00	0,00	1 516,00
2022.01.14 11:37:05	21	WIN@N	sell	out	1	106 470	21	0,00	0,00	 104,00	1 620,00
2022.01.17 10:00:00	22	WIN@N	buy	in	1	107 190	22	0,00	0,00	0,00	1 620,00
2022.01.17 17:00:00	23	WIN@N	sell	out	1	107 095	23	0,00	0,00	- 19,00	1 601,00
2022.01.18 10:00:00	24	WIN@N	sell	in	1	106 700	24	0,00	0,00	0,00	1 601,00
2022.01.18 12:06:04	25	WIN@N	buy	out	1	107 285	25	0,00	0,00	- 117,00	1 484,00
2022.01.19 10:00:00	26	WIN@N	sell	in	1	108 175	26	0,00	0,00	0,00	1 484,00
2022.01.19 10:22:06	27	WIN@N	buy	out	1	108 760	27	0,00	0,00	- 117,00	1 367,00
2022.01.20 10:00:00	28	WIN@N	buy	in	1	108 870	28	0,00	0,00	0,00	1 367,00
2022.01.20 10:30:04	29	WIN@N	sell	out	1	109 395	29	0,00	0,00	 105,00	1 472,00
2022.01.21 10:00:00	30	WIN@N	buy	in	1	109 240	30	0,00	0,00	0,00	1 472,00
2022.01.21 10:52:05	31	WIN@N	sell	out	1	109 770	31	0,00	0,00	 106,00	1 578,00
2022.01.24 10:00:00	32	WIN@N	sell	in	1	109 195	32	0,00	0,00	0,00	1 578,00
2022.01.24 10:44:59	33	WIN@N	buy	out	1	108 665	33	0,00	0,00	 106,00	1 684,00
2022.01.25 10:00:00	34	WIN@N	buy	in	1	107 790	34	0,00	0,00	0,00	1 684,00
2022.01.25 10:42:06	35	WIN@N	sell	out	1	108 320	35	0,00	0,00	 106,00	1 790,00
2022.01.26 10:00:00	36	WIN@N	sell	in	1	111 895	36	0,00	0,00	0,00	1 790,00
2022.01.26 10:09:07	37	WIN@N	buy	out	1	112 465	37	0,00	0,00	- 114,00	1 676,00
2022.01.27 10:00:00	38	WIN@N	sell	in	1	112 865	38	0,00	0,00	0,00	1 676,00
2022.01.27 11:48:05	39	WIN@N	buy	out	1	113 435	39	0,00	0,00	- 114,00	1 562,00
2022.01.28 10:00:00	40	WIN@N	buy	in	1	112 430	40	0,00	0,00	0,00	1 562,00
2022.01.28 10:17:00	41	WIN@N	sell	out	1	112 970	41	0,00	0,00	 108,00	1 670,00
2022.01.31 10:00:00	42	WIN@N	buy	in	1	112 320	42	0,00	0,00	0,00	1 670,00
2022.01.31 10:06:05	43	WIN@N	sell	out	1	111 750	43	0,00	0,00	- 114,00	1 556,00
2022.02.01 10:00:00	44	WIN@N	buy	in	1	112 460	44	0,00	0,00	0,00	1 556,00
2022.02.01 10:25:08	45	WIN@N	sell	out	1	112 990	45	0,00	0,00	 106,00	1 662,00
2022.02.02 10:00:00	46	WIN@N	buy	in	1	113 590	46	0,00	0,00	0,00	1 662,00
2022.02.02 11:41:05	47	WIN@N	sell	out	1	113 020	47	0,00	0,00	- 114,00	1 548,00
2022.02.03 10:00:00	48	WIN@N	sell	in	1	112 320	48	0,00	0,00	0,00	1 548,00
2022.02.03 10:43:00	49	WIN@N	buy	out	1	111 795	49	0,00	0,00	 105,00	1 653,00
2022.02.04 11:00:00	50	WIN@N	buy	in	1	110 890	50	0,00	0,00	0,00	1 653,00
2022.02.04 11:40:05	51	WIN@N	sell	out	1	111 425	51	0,00	0,00	 107,00	1 760,00
2022.02.07 10:00:00	52	WIN@N	buy	in	1	111 985	52	0,00	0,00	0,00	1 760,00
2022.02.07 12:21:04	53	WIN@N	sell	out	1	112 525	53	0,00	0,00	 108,00	1 868,00
2022.02.08 10:00:00	54	WIN@N	buy	in	1	111 805	54	0,00	0,00	0,00	1 868,00
2022.02.08 10:18:04	55	WIN@N	sell	out	1	111 200	55	0,00	0,00	- 121,00	1 747,00
2022.02.09 10:00:00	56	WIN@N	buy	in	1	112 215	56	0,00	0,00	0,00	1 747,00
2022.02.09 12:19:00	57	WIN@N	sell	out	1	112 730	57	0,00	0,00	 103,00	1 850,00
2022.02.10 10:00:00	58	WIN@N	sell	in	1	112 755	58	0,00	0,00	0,00	1 850,00
2022.02.10 11:40:05	59	WIN@N	buy	out	1	113 340	59	0,00	0,00	- 117,00	1 733,00
2022.02.11 10:00:00	60	WIN@N	sell	in	1	114 145	60	0,00	0,00	0,00	1 733,00
2022.02.11 12:05:08	61	WIN@N	buy	out	1	114 735	61	0,00	0,00	- 118,00	1 615,00
2022.02.14 10:00:00	62	WIN@N	sell	in	1	113 770	62	0,00	0,00	0,00	1 615,00
2022.02.14 17:00:00	63	WIN@N	buy	out	1	113 795	63	0,00	0,00	- 5,00	1 610,00
2022.02.15 10:00:00	64	WIN@N	buy	in	1	114 260	64	0,00	0,00	0,00	1 610,00
2022.02.15 15:15:02	65	WIN@N	sell	out	1	114 785	65	0,00	0,00	 105,00	1 715,00
2022.02.16 10:00:00	66	WIN@N	sell	in	1	116 750	66	0,00	0,00	0,00	1 715,00
2022.02.16 17:00:00	67	WIN@N	buy	out	1	117 025	67	0,00	0,00	- 55,00	1 660,00
2022.02.17 10:00:00	68	WIN@N	sell	in	1	116 380	68	0,00	0,00	0,00	1 660,00
2022.02.17 11:37:02	69	WIN@N	buy	out	1	115 845	69	0,00	0,00	 107,00	1 767,00
2022.02.18 10:00:00	70	WIN@N	sell	in	1	115 685	70	0,00	0,00	0,00	1 767,00
2022.02.18 11:30:02	71	WIN@N	buy	out	1	115 160	71	0,00	0,00	 105,00	1 872,00
2022.02.21 10:00:00	72	WIN@N	buy	in	1	114 250	72	0,00	0,00	0,00	1 872,00
2022.02.21 11:27:21	73	WIN@N	sell	out	1	114 770	73	0,00	0,00	 104,00	1 976,00
2022.02.22 10:00:00	74	WIN@N	sell	in	1	114 495	74	0,00	0,00	0,00	1 976,00
2022.02.22 15:16:07	75	WIN@N	buy	out	1	113 980	75	0,00	0,00	 103,00	2 079,00
2022.02.23 11:00:00	76	WIN@N	sell	in	1	114 910	76	0,00	0,00	0,00	2 079,00
2022.02.23 11:36:03	77	WIN@N	buy	out	1	114 395	77	0,00	0,00	 103,00	2 182,00
2022.02.24 10:00:00	78	WIN@N	sell	in	1	110 785	78	0,00	0,00	0,00	2 182,00
2022.02.24 10:51:01	79	WIN@N	buy	out	1	111 380	79	0,00	0,00	- 119,00	2 063,00
2022.02.25 10:00:00	80	WIN@N	buy	in	1	112 180	80	0,00	0,00	0,00	2 063,00
2022.02.25 10:38:14	81	WIN@N	sell	out	1	112 700	81	0,00	0,00	 104,00	2 167,00
2022.03.02 14:00:00	82	WIN@N	sell	in	1	115 920	82	0,00	0,00	0,00	2 167,00
2022.03.02 15:00:02	83	WIN@N	buy	out	1	116 485	83	0,00	0,00	- 113,00	2 054,00
2022.03.03 11:00:00	84	WIN@N	sell	in	1	116 840	84	0,00	0,00	0,00	2 054,00
2022.03.03 17:00:00	85	WIN@N	buy	out	1	116 490	85	0,00	0,00	 70,00	2 124,00
2022.03.04 10:00:00	86	WIN@N	sell	in	1	116 000	86	0,00	0,00	0,00	2 124,00
2022.03.04 10:51:01	87	WIN@N	buy	out	1	115 465	87	0,00	0,00	 107,00	2 231,00
2022.03.07 10:00:00	88	WIN@N	buy	in	1	114 880	88	0,00	0,00	0,00	2 231,00
2022.03.07 10:18:05	89	WIN@N	sell	out	1	115 405	89	0,00	0,00	 105,00	2 336,00
2022.03.08 10:00:00	90	WIN@N	sell	in	1	113 265	90	0,00	0,00	0,00	2 336,00
2022.03.08 10:46:02	91	WIN@N	buy	out	1	112 745	91	0,00	0,00	 104,00	2 440,00
2022.03.09 10:00:00	92	WIN@N	buy	in	1	113 110	92	0,00	0,00	0,00	2 440,00
2022.03.09 11:09:03	93	WIN@N	sell	out	1	113 630	93	0,00	0,00	 104,00	2 544,00
2022.03.10 10:00:00	94	WIN@N	buy	in	1	113 855	94	0,00	0,00	0,00	2 544,00
2022.03.10 10:08:03	95	WIN@N	sell	out	1	114 395	95	0,00	0,00	 108,00	2 652,00
2022.03.11 10:00:00	96	WIN@N	buy	in	1	115 060	96	0,00	0,00	0,00	2 652,00
2022.03.11 11:57:06	97	WIN@N	sell	out	1	114 470	97	0,00	0,00	- 118,00	2 534,00
2022.03.14 10:00:00	98	WIN@N	sell	in	1	113 070	98	0,00	0,00	0,00	2 534,00
2022.03.14 10:21:59	99	WIN@N	buy	out	1	112 545	99	0,00	0,00	 105,00	2 639,00
2022.03.15 10:00:00	100	WIN@N	buy	in	1	110 025	100	0,00	0,00	0,00	2 639,00
2022.03.15 10:30:03	101	WIN@N	sell	out	1	109 455	101	0,00	0,00	- 114,00	2 525,00
2022.03.16 10:00:00	102	WIN@N	buy	in	1	110 770	102	0,00	0,00	0,00	2 525,00
2022.03.16 10:21:06	103	WIN@N	sell	out	1	111 295	103	0,00	0,00	 105,00	2 630,00
2022.03.17 10:00:00	104	WIN@N	sell	in	1	112 355	104	0,00	0,00	0,00	2 630,00
2022.03.17 11:35:09	105	WIN@N	buy	out	1	111 835	105	0,00	0,00	 104,00	2 734,00
2022.03.18 10:00:00	106	WIN@N	sell	in	1	113 465	106	0,00	0,00	0,00	2 734,00
2022.03.18 10:45:07	107	WIN@N	buy	out	1	114 065	107	0,00	0,00	- 120,00	2 614,00
2022.03.21 10:00:00	108	WIN@N	sell	in	1	115 950	108	0,00	0,00	0,00	2 614,00
2022.03.21 10:12:08	109	WIN@N	buy	out	1	116 540	109	0,00	0,00	- 118,00	2 496,00
2022.03.22 10:00:00	110	WIN@N	sell	in	1	117 530	110	0,00	0,00	0,00	2 496,00
2022.03.22 10:16:08	111	WIN@N	buy	out	1	118 105	111	0,00	0,00	- 115,00	2 381,00
2022.03.23 10:00:00	112	WIN@N	sell	in	1	117 930	112	0,00	0,00	0,00	2 381,00
2022.03.23 11:15:03	113	WIN@N	buy	out	1	118 500	113	0,00	0,00	- 114,00	2 267,00
2022.03.24 11:00:00	114	WIN@N	sell	in	1	118 650	114	0,00	0,00	0,00	2 267,00
2022.03.24 12:02:02	115	WIN@N	buy	out	1	119 215	115	0,00	0,00	- 113,00	2 154,00
2022.03.25 10:00:00	116	WIN@N	sell	in	1	120 135	116	0,00	0,00	0,00	2 154,00
2022.03.25 10:59:01	117	WIN@N	buy	out	1	119 615	117	0,00	0,00	 104,00	2 258,00
2022.03.28 10:00:00	118	WIN@N	buy	in	1	119 910	118	0,00	0,00	0,00	2 258,00
2022.03.28 10:31:05	119	WIN@N	sell	out	1	119 335	119	0,00	0,00	- 115,00	2 143,00
2022.03.29 10:00:00	120	WIN@N	sell	in	1	120 880	120	0,00	0,00	0,00	2 143,00
2022.03.29 10:48:06	121	WIN@N	buy	out	1	120 350	121	0,00	0,00	 106,00	2 249,00
2022.03.30 10:00:00	122	WIN@N	sell	in	1	121 000	122	0,00	0,00	0,00	2 249,00
2022.03.30 10:13:59	123	WIN@N	buy	out	1	120 485	123	0,00	0,00	 103,00	2 352,00
2022.03.31 11:00:00	124	WIN@N	sell	in	1	121 105	124	0,00	0,00	0,00	2 352,00
2022.03.31 12:20:05	125	WIN@N	buy	out	1	120 585	125	0,00	0,00	 104,00	2 456,00
2022.04.01 10:00:00	126	WIN@N	sell	in	1	121 290	126	0,00	0,00	0,00	2 456,00
2022.04.01 11:14:14	127	WIN@N	buy	out	1	121 865	127	0,00	0,00	- 115,00	2 341,00
2022.04.04 10:00:00	128	WIN@N	buy	in	1	121 695	128	0,00	0,00	0,00	2 341,00
2022.04.04 12:33:03	129	WIN@N	sell	out	1	121 120	129	0,00	0,00	- 115,00	2 226,00
2022.04.05 10:00:00	130	WIN@N	buy	in	1	121 325	130	0,00	0,00	0,00	2 226,00
2022.04.05 10:43:03	131	WIN@N	sell	out	1	121 875	131	0,00	0,00	 110,00	2 336,00
2022.04.06 10:00:00	132	WIN@N	sell	in	1	118 565	132	0,00	0,00	0,00	2 336,00
2022.04.06 10:36:06	133	WIN@N	buy	out	1	118 025	133	0,00	0,00	 108,00	2 444,00
2022.04.07 10:00:00	134	WIN@N	buy	in	1	117 885	134	0,00	0,00	0,00	2 444,00
2022.04.07 10:40:00	135	WIN@N	sell	out	1	118 400	135	0,00	0,00	 103,00	2 547,00
2022.04.08 10:00:00	136	WIN@N	buy	in	1	118 360	136	0,00	0,00	0,00	2 547,00
2022.04.08 10:46:08	137	WIN@N	sell	out	1	117 790	137	0,00	0,00	- 114,00	2 433,00
2022.04.11 10:00:00	138	WIN@N	buy	in	1	117 125	138	0,00	0,00	0,00	2 433,00
2022.04.11 10:59:08	139	WIN@N	sell	out	1	117 650	139	0,00	0,00	 105,00	2 538,00
2022.04.12 10:00:00	140	WIN@N	sell	in	1	118 425	140	0,00	0,00	0,00	2 538,00
2022.04.12 11:01:06	141	WIN@N	buy	out	1	117 885	141	0,00	0,00	 108,00	2 646,00
2022.04.13 10:00:00	142	WIN@N	sell	in	1	118 895	142	0,00	0,00	0,00	2 646,00
2022.04.13 11:30:07	143	WIN@N	buy	out	1	118 370	143	0,00	0,00	 105,00	2 751,00
2022.04.14 10:00:00	144	WIN@N	buy	in	1	118 430	144	0,00	0,00	0,00	2 751,00
2022.04.14 12:54:10	145	WIN@N	sell	out	1	117 850	145	0,00	0,00	- 116,00	2 635,00
2022.04.18 11:00:00	146	WIN@N	buy	in	1	117 295	146	0,00	0,00	0,00	2 635,00
2022.04.18 11:50:01	147	WIN@N	sell	out	1	117 815	147	0,00	0,00	 104,00	2 739,00
2022.04.19 10:00:00	148	WIN@N	buy	in	1	117 050	148	0,00	0,00	0,00	2 739,00
2022.04.19 12:50:06	149	WIN@N	sell	out	1	116 475	149	0,00	0,00	- 115,00	2 624,00
2022.04.20 10:00:00	150	WIN@N	buy	in	1	116 740	150	0,00	0,00	0,00	2 624,00
2022.04.20 10:49:01	151	WIN@N	sell	out	1	116 170	151	0,00	0,00	- 114,00	2 510,00
2022.04.22 10:00:00	152	WIN@N	buy	in	1	114 345	152	0,00	0,00	0,00	2 510,00
2022.04.22 11:37:06	153	WIN@N	sell	out	1	113 775	153	0,00	0,00	- 114,00	2 396,00
2022.04.25 10:00:00	154	WIN@N	sell	in	1	111 615	154	0,00	0,00	0,00	2 396,00
2022.04.25 11:55:05	155	WIN@N	buy	out	1	111 100	155	0,00	0,00	 103,00	2 499,00
2022.04.26 10:00:00	156	WIN@N	buy	in	1	111 440	156	0,00	0,00	0,00	2 499,00
2022.04.26 10:42:04	157	WIN@N	sell	out	1	110 855	157	0,00	0,00	- 117,00	2 382,00
2022.04.27 10:00:00	158	WIN@N	sell	in	1	111 565	158	0,00	0,00	0,00	2 382,00
2022.04.27 10:31:07	159	WIN@N	buy	out	1	111 045	159	0,00	0,00	 104,00	2 486,00
2022.04.28 10:00:00	160	WIN@N	buy	in	1	111 530	160	0,00	0,00	0,00	2 486,00
2022.04.28 10:33:00	161	WIN@N	sell	out	1	110 965	161	0,00	0,00	- 113,00	2 373,00
2022.04.29 10:00:00	162	WIN@N	sell	in	1	112 890	162	0,00	0,00	0,00	2 373,00
2022.04.29 13:03:07	163	WIN@N	buy	out	1	112 365	163	0,00	0,00	 105,00	2 478,00
2022.05.02 10:00:00	164	WIN@N	sell	in	1	108 875	164	0,00	0,00	0,00	2 478,00
2022.05.02 10:38:03	165	WIN@N	buy	out	1	108 350	165	0,00	0,00	 105,00	2 583,00
2022.05.03 11:00:00	166	WIN@N	sell	in	1	108 155	166	0,00	0,00	0,00	2 583,00
2022.05.03 13:09:10	167	WIN@N	buy	out	1	107 635	167	0,00	0,00	 104,00	2 687,00
2022.05.04 10:00:00	168	WIN@N	buy	in	1	107 225	168	0,00	0,00	0,00	2 687,00
2022.05.04 10:34:03	169	WIN@N	sell	out	1	106 655	169	0,00	0,00	- 114,00	2 573,00
2022.05.05 10:00:00	170	WIN@N	buy	in	1	108 295	170	0,00	0,00	0,00	2 573,00
2022.05.05 10:32:02	171	WIN@N	sell	out	1	107 730	171	0,00	0,00	- 113,00	2 460,00
2022.05.06 10:00:00	172	WIN@N	sell	in	1	106 495	172	0,00	0,00	0,00	2 460,00
2022.05.06 10:36:01	173	WIN@N	buy	out	1	105 975	173	0,00	0,00	 104,00	2 564,00
2022.05.09 10:00:00	174	WIN@N	buy	in	1	104 475	174	0,00	0,00	0,00	2 564,00
2022.05.09 10:12:03	175	WIN@N	sell	out	1	105 000	175	0,00	0,00	 105,00	2 669,00
2022.05.10 10:00:00	176	WIN@N	buy	in	1	105 085	176	0,00	0,00	0,00	2 669,00
2022.05.10 10:36:04	177	WIN@N	sell	out	1	104 515	177	0,00	0,00	- 114,00	2 555,00
2022.05.11 10:00:00	178	WIN@N	buy	in	1	104 250	178	0,00	0,00	0,00	2 555,00
2022.05.11 10:17:08	179	WIN@N	sell	out	1	104 790	179	0,00	0,00	 108,00	2 663,00
2022.05.12 11:00:00	180	WIN@N	sell	in	1	105 005	180	0,00	0,00	0,00	2 663,00
2022.05.12 11:19:03	181	WIN@N	buy	out	1	105 580	181	0,00	0,00	- 115,00	2 548,00
2022.05.13 10:00:00	182	WIN@N	buy	in	1	107 270	182	0,00	0,00	0,00	2 548,00
2022.05.13 10:42:05	183	WIN@N	sell	out	1	107 790	183	0,00	0,00	 104,00	2 652,00
2022.05.16 10:00:00	184	WIN@N	sell	in	1	108 105	184	0,00	0,00	0,00	2 652,00
2022.05.16 10:38:04	185	WIN@N	buy	out	1	108 695	185	0,00	0,00	- 118,00	2 534,00
2022.05.17 10:00:00	186	WIN@N	sell	in	1	110 555	186	0,00	0,00	0,00	2 534,00
2022.05.17 11:11:13	187	WIN@N	buy	out	1	110 030	187	0,00	0,00	 105,00	2 639,00
2022.05.18 10:00:00	188	WIN@N	sell	in	1	109 480	188	0,00	0,00	0,00	2 639,00
2022.05.18 10:20:08	189	WIN@N	buy	out	1	108 955	189	0,00	0,00	 105,00	2 744,00
2022.05.19 10:00:00	190	WIN@N	sell	in	1	107 350	190	0,00	0,00	0,00	2 744,00
2022.05.19 12:38:01	191	WIN@N	buy	out	1	107 930	191	0,00	0,00	- 116,00	2 628,00
2022.05.20 10:00:00	192	WIN@N	sell	in	1	109 080	192	0,00	0,00	0,00	2 628,00
2022.05.20 12:18:08	193	WIN@N	buy	out	1	108 560	193	0,00	0,00	 104,00	2 732,00
2022.05.23 10:00:00	194	WIN@N	sell	in	1	110 150	194	0,00	0,00	0,00	2 732,00
2022.05.23 11:35:06	195	WIN@N	buy	out	1	110 720	195	0,00	0,00	- 114,00	2 618,00
2022.05.24 10:00:00	196	WIN@N	buy	in	1	109 865	196	0,00	0,00	0,00	2 618,00
2022.05.24 10:22:03	197	WIN@N	sell	out	1	110 380	197	0,00	0,00	 103,00	2 721,00
2022.05.25 10:00:00	198	WIN@N	buy	in	1	110 585	198	0,00	0,00	0,00	2 721,00
2022.05.25 11:18:06	199	WIN@N	sell	out	1	111 105	199	0,00	0,00	 104,00	2 825,00
2022.05.26 10:00:00	200	WIN@N	buy	in	1	111 155	200	0,00	0,00	0,00	2 825,00
2022.05.26 10:47:05	201	WIN@N	sell	out	1	111 690	201	0,00	0,00	 107,00	2 932,00
2022.05.27 11:00:00	202	WIN@N	sell	in	1	112 560	202	0,00	0,00	0,00	2 932,00
2022.05.27 17:00:00	203	WIN@N	buy	out	1	112 540	203	0,00	0,00	 4,00	2 936,00
2022.05.30 11:00:00	204	WIN@N	buy	in	1	112 720	204	0,00	0,00	0,00	2 936,00
2022.05.30 11:27:04	205	WIN@N	sell	out	1	112 150	205	0,00	0,00	- 114,00	2 822,00
2022.05.31 10:00:00	206	WIN@N	sell	in	1	112 190	206	0,00	0,00	0,00	2 822,00
2022.05.31 12:34:08	207	WIN@N	buy	out	1	111 670	207	0,00	0,00	 104,00	2 926,00
2022.06.01 12:00:00	208	WIN@N	sell	in	1	112 310	208	0,00	0,00	0,00	2 926,00
2022.06.01 12:36:09	209	WIN@N	buy	out	1	111 790	209	0,00	0,00	 104,00	3 030,00
2022.06.02 10:00:00	210	WIN@N	sell	in	1	112 645	210	0,00	0,00	0,00	3 030,00
2022.06.02 10:55:02	211	WIN@N	buy	out	1	112 130	211	0,00	0,00	 103,00	3 133,00
2022.06.03 10:00:00	212	WIN@N	buy	in	1	112 045	212	0,00	0,00	0,00	3 133,00
2022.06.03 12:05:06	213	WIN@N	sell	out	1	111 475	213	0,00	0,00	- 114,00	3 019,00
2022.06.06 10:00:00	214	WIN@N	buy	in	1	112 120	214	0,00	0,00	0,00	3 019,00
2022.06.06 11:20:03	215	WIN@N	sell	out	1	111 550	215	0,00	0,00	- 114,00	2 905,00
2022.06.07 10:00:00	216	WIN@N	buy	in	1	109 820	216	0,00	0,00	0,00	2 905,00
2022.06.07 10:49:03	217	WIN@N	sell	out	1	110 350	217	0,00	0,00	 106,00	3 011,00
2022.06.08 10:00:00	218	WIN@N	buy	in	1	109 330	218	0,00	0,00	0,00	3 011,00
2022.06.08 10:33:05	219	WIN@N	sell	out	1	109 860	219	0,00	0,00	 106,00	3 117,00
2022.06.09 10:00:00	220	WIN@N	buy	in	1	108 250	220	0,00	0,00	0,00	3 117,00
2022.06.09 10:21:06	221	WIN@N	sell	out	1	107 670	221	0,00	0,00	- 116,00	3 001,00
2022.06.10 10:00:00	222	WIN@N	buy	in	1	106 195	222	0,00	0,00	0,00	3 001,00
2022.06.10 10:20:01	223	WIN@N	sell	out	1	105 585	223	0,00	0,00	- 122,00	2 879,00
2022.06.13 10:00:00	224	WIN@N	buy	in	1	103 545	224	0,00	0,00	0,00	2 879,00
2022.06.13 10:40:01	225	WIN@N	sell	out	1	102 970	225	0,00	0,00	- 115,00	2 764,00
2022.06.14 10:00:00	226	WIN@N	buy	in	1	102 725	226	0,00	0,00	0,00	2 764,00
2022.06.14 10:18:06	227	WIN@N	sell	out	1	103 265	227	0,00	0,00	 108,00	2 872,00
2022.06.15 10:00:00	228	WIN@N	sell	in	1	105 560	228	0,00	0,00	0,00	2 872,00
2022.06.15 10:10:00	229	WIN@N	buy	out	1	105 045	229	0,00	0,00	 103,00	2 975,00
2022.06.17 10:00:00	230	WIN@N	buy	in	1	102 995	230	0,00	0,00	0,00	2 975,00
2022.06.17 10:15:02	231	WIN@N	sell	out	1	102 425	231	0,00	0,00	- 114,00	2 861,00
2022.06.20 10:00:00	232	WIN@N	buy	in	1	101 345	232	0,00	0,00	0,00	2 861,00
2022.06.20 10:26:06	233	WIN@N	sell	out	1	100 770	233	0,00	0,00	- 115,00	2 746,00
2022.06.21 10:00:00	234	WIN@N	buy	in	1	102 315	234	0,00	0,00	0,00	2 746,00
2022.06.21 10:10:00	235	WIN@N	sell	out	1	102 835	235	0,00	0,00	 104,00	2 850,00
2022.06.22 10:00:00	236	WIN@N	sell	in	1	100 410	236	0,00	0,00	0,00	2 850,00
2022.06.22 10:11:04	237	WIN@N	buy	out	1	99 895	237	0,00	0,00	 103,00	2 953,00
2022.06.23 10:00:00	238	WIN@N	sell	in	1	101 665	238	0,00	0,00	0,00	2 953,00
2022.06.23 10:39:07	239	WIN@N	buy	out	1	101 140	239	0,00	0,00	 105,00	3 058,00
2022.06.24 10:00:00	240	WIN@N	sell	in	1	100 850	240	0,00	0,00	0,00	3 058,00
2022.06.24 10:15:10	241	WIN@N	buy	out	1	100 335	241	0,00	0,00	 103,00	3 161,00
2022.06.27 10:00:00	242	WIN@N	buy	in	1	100 740	242	0,00	0,00	0,00	3 161,00
2022.06.27 10:05:01	243	WIN@N	sell	out	1	101 275	243	0,00	0,00	 107,00	3 268,00
2022.06.28 10:00:00	244	WIN@N	buy	in	1	103 350	244	0,00	0,00	0,00	3 268,00
2022.06.28 10:38:06	245	WIN@N	sell	out	1	103 870	245	0,00	0,00	 104,00	3 372,00
2022.06.29 10:00:00	246	WIN@N	sell	in	1	102 420	246	0,00	0,00	0,00	3 372,00
2022.06.29 10:43:05	247	WIN@N	buy	out	1	101 895	247	0,00	0,00	 105,00	3 477,00
2022.06.30 10:00:00	248	WIN@N	buy	in	1	99 235	248	0,00	0,00	0,00	3 477,00
2022.06.30 10:26:07	249	WIN@N	sell	out	1	99 775	249	0,00	0,00	 108,00	3 585,00
2022.07.01 10:00:00	250	WIN@N	buy	in	1	99 070	250	0,00	0,00	0,00	3 585,00
2022.07.01 10:33:06	251	WIN@N	sell	out	1	99 600	251	0,00	0,00	 106,00	3 691,00
2022.07.04 10:00:00	252	WIN@N	buy	in	1	99 685	252	0,00	0,00	0,00	3 691,00
2022.07.04 10:45:00	253	WIN@N	sell	out	1	100 205	253	0,00	0,00	 104,00	3 795,00
2022.07.05 10:00:00	254	WIN@N	buy	in	1	98 970	254	0,00	0,00	0,00	3 795,00
2022.07.05 10:36:05	255	WIN@N	sell	out	1	98 380	255	0,00	0,00	- 118,00	3 677,00
2022.07.06 11:00:00	256	WIN@N	sell	in	1	99 995	256	0,00	0,00	0,00	3 677,00
2022.07.06 11:40:06	257	WIN@N	buy	out	1	99 440	257	0,00	0,00	 111,00	3 788,00
2022.07.07 10:00:00	258	WIN@N	sell	in	1	101 220	258	0,00	0,00	0,00	3 788,00
2022.07.07 10:31:04	259	WIN@N	buy	out	1	101 795	259	0,00	0,00	- 115,00	3 673,00
2022.07.08 11:00:00	260	WIN@N	buy	in	1	101 735	260	0,00	0,00	0,00	3 673,00
2022.07.08 11:37:05	261	WIN@N	sell	out	1	102 255	261	0,00	0,00	 104,00	3 777,00
2022.07.11 10:00:00	262	WIN@N	buy	in	1	100 130	262	0,00	0,00	0,00	3 777,00
2022.07.11 11:04:08	263	WIN@N	sell	out	1	99 530	263	0,00	0,00	- 120,00	3 657,00
2022.07.12 10:00:00	264	WIN@N	sell	in	1	99 120	264	0,00	0,00	0,00	3 657,00
2022.07.12 10:17:02	265	WIN@N	buy	out	1	98 605	265	0,00	0,00	 103,00	3 760,00
2022.07.13 10:00:00	266	WIN@N	buy	in	1	98 550	266	0,00	0,00	0,00	3 760,00
2022.07.13 10:14:00	267	WIN@N	sell	out	1	99 085	267	0,00	0,00	 107,00	3 867,00
2022.07.14 10:00:00	268	WIN@N	buy	in	1	97 510	268	0,00	0,00	0,00	3 867,00
2022.07.14 10:39:01	269	WIN@N	sell	out	1	96 940	269	0,00	0,00	- 114,00	3 753,00
2022.07.15 11:00:00	270	WIN@N	buy	in	1	96 305	270	0,00	0,00	0,00	3 753,00
2022.07.15 11:07:08	271	WIN@N	sell	out	1	96 835	271	0,00	0,00	 106,00	3 859,00
2022.07.18 10:00:00	272	WIN@N	buy	in	1	98 395	272	0,00	0,00	0,00	3 859,00
2022.07.18 10:38:04	273	WIN@N	sell	out	1	98 920	273	0,00	0,00	 105,00	3 964,00
2022.07.19 10:00:00	274	WIN@N	sell	in	1	98 325	274	0,00	0,00	0,00	3 964,00
2022.07.19 14:03:04	275	WIN@N	buy	out	1	98 895	275	0,00	0,00	- 114,00	3 850,00
2022.07.20 10:00:00	276	WIN@N	buy	in	1	98 545	276	0,00	0,00	0,00	3 850,00
2022.07.20 13:08:05	277	WIN@N	sell	out	1	99 065	277	0,00	0,00	 104,00	3 954,00
2022.07.21 10:00:00	278	WIN@N	buy	in	1	98 335	278	0,00	0,00	0,00	3 954,00
2022.07.21 12:19:08	279	WIN@N	sell	out	1	98 870	279	0,00	0,00	 107,00	4 061,00
2022.07.22 10:00:00	280	WIN@N	buy	in	1	99 940	280	0,00	0,00	0,00	4 061,00
2022.07.22 11:57:14	281	WIN@N	sell	out	1	100 465	281	0,00	0,00	 105,00	4 166,00
2022.07.25 10:00:00	282	WIN@N	sell	in	1	100 495	282	0,00	0,00	0,00	4 166,00
2022.07.25 11:03:08	283	WIN@N	buy	out	1	101 065	283	0,00	0,00	- 114,00	4 052,00
2022.07.26 10:00:00	284	WIN@N	sell	in	1	101 325	284	0,00	0,00	0,00	4 052,00
2022.07.26 11:13:08	285	WIN@N	buy	out	1	100 800	285	0,00	0,00	 105,00	4 157,00
2022.07.27 10:00:00	286	WIN@N	buy	in	1	100 935	286	0,00	0,00	0,00	4 157,00
2022.07.27 15:03:04	287	WIN@N	sell	out	1	101 495	287	0,00	0,00	 112,00	4 269,00
2022.07.28 10:00:00	288	WIN@N	buy	in	1	102 125	288	0,00	0,00	0,00	4 269,00
2022.07.28 10:21:14	289	WIN@N	sell	out	1	102 645	289	0,00	0,00	 104,00	4 373,00
2022.07.29 10:00:00	290	WIN@N	buy	in	1	103 675	290	0,00	0,00	0,00	4 373,00
2022.07.29 14:51:14	291	WIN@N	sell	out	1	104 195	291	0,00	0,00	 104,00	4 477,00
2022.08.01 10:00:00	292	WIN@N	buy	in	1	103 465	292	0,00	0,00	0,00	4 477,00
2022.08.01 10:32:03	293	WIN@N	sell	out	1	102 890	293	0,00	0,00	- 115,00	4 362,00
2022.08.02 10:00:00	294	WIN@N	sell	in	1	102 525	294	0,00	0,00	0,00	4 362,00
2022.08.02 10:31:59	295	WIN@N	buy	out	1	103 105	295	0,00	0,00	- 116,00	4 246,00
2022.08.03 10:00:00	296	WIN@N	buy	in	1	104 065	296	0,00	0,00	0,00	4 246,00
2022.08.03 11:17:06	297	WIN@N	sell	out	1	103 490	297	0,00	0,00	- 115,00	4 131,00
2022.08.04 10:00:00	298	WIN@N	sell	in	1	105 075	298	0,00	0,00	0,00	4 131,00
2022.08.04 10:51:05	299	WIN@N	buy	out	1	105 645	299	0,00	0,00	- 114,00	4 017,00
2022.08.05 10:00:00	300	WIN@N	buy	in	1	106 385	300	0,00	0,00	0,00	4 017,00
2022.08.05 10:56:06	301	WIN@N	sell	out	1	106 905	301	0,00	0,00	 104,00	4 121,00
2022.08.08 10:00:00	302	WIN@N	sell	in	1	107 630	302	0,00	0,00	0,00	4 121,00
2022.08.08 10:38:05	303	WIN@N	buy	out	1	108 195	303	0,00	0,00	- 113,00	4 008,00
2022.08.09 10:00:00	304	WIN@N	sell	in	1	109 310	304	0,00	0,00	0,00	4 008,00
2022.08.09 10:52:06	305	WIN@N	buy	out	1	108 790	305	0,00	0,00	 104,00	4 112,00
2022.08.10 10:00:00	306	WIN@N	sell	in	1	110 365	306	0,00	0,00	0,00	4 112,00
2022.08.10 11:20:02	307	WIN@N	buy	out	1	109 845	307	0,00	0,00	 104,00	4 216,00
2022.08.11 10:00:00	308	WIN@N	sell	in	1	111 645	308	0,00	0,00	0,00	4 216,00
2022.08.11 11:01:06	309	WIN@N	buy	out	1	111 125	309	0,00	0,00	 104,00	4 320,00
2022.08.12 10:00:00	310	WIN@N	sell	in	1	110 675	310	0,00	0,00	0,00	4 320,00
2022.08.12 10:50:04	311	WIN@N	buy	out	1	111 260	311	0,00	0,00	- 117,00	4 203,00
2022.08.15 10:00:00	312	WIN@N	buy	in	1	111 210	312	0,00	0,00	0,00	4 203,00
2022.08.15 10:51:08	313	WIN@N	sell	out	1	111 745	313	0,00	0,00	 107,00	4 310,00
2022.08.16 10:00:00	314	WIN@N	buy	in	1	112 980	314	0,00	0,00	0,00	4 310,00
2022.08.16 11:19:03	315	WIN@N	sell	out	1	113 500	315	0,00	0,00	 104,00	4 414,00
2022.08.17 10:00:00	316	WIN@N	buy	in	1	114 520	316	0,00	0,00	0,00	4 414,00
2022.08.17 10:32:05	317	WIN@N	sell	out	1	115 040	317	0,00	0,00	 104,00	4 518,00
2022.08.18 10:00:00	318	WIN@N	sell	in	1	116 070	318	0,00	0,00	0,00	4 518,00
2022.08.18 13:20:11	319	WIN@N	buy	out	1	115 545	319	0,00	0,00	 105,00	4 623,00
2022.08.19 10:00:00	320	WIN@N	buy	in	1	114 895	320	0,00	0,00	0,00	4 623,00
2022.08.19 10:46:10	321	WIN@N	sell	out	1	114 310	321	0,00	0,00	- 117,00	4 506,00
2022.08.22 10:00:00	322	WIN@N	sell	in	1	112 365	322	0,00	0,00	0,00	4 506,00
2022.08.22 10:22:05	323	WIN@N	buy	out	1	111 845	323	0,00	0,00	 104,00	4 610,00
2022.08.23 10:00:00	324	WIN@N	buy	in	1	112 600	324	0,00	0,00	0,00	4 610,00
2022.08.23 10:24:06	325	WIN@N	sell	out	1	113 115	325	0,00	0,00	 103,00	4 713,00
2022.08.24 10:00:00	326	WIN@N	buy	in	1	114 325	326	0,00	0,00	0,00	4 713,00
2022.08.24 10:35:04	327	WIN@N	sell	out	1	114 860	327	0,00	0,00	 107,00	4 820,00
2022.08.25 10:00:00	328	WIN@N	buy	in	1	115 310	328	0,00	0,00	0,00	4 820,00
2022.08.25 12:02:05	329	WIN@N	sell	out	1	114 730	329	0,00	0,00	- 116,00	4 704,00
2022.08.26 10:00:00	330	WIN@N	sell	in	1	115 525	330	0,00	0,00	0,00	4 704,00
2022.08.26 10:44:10	331	WIN@N	buy	out	1	115 005	331	0,00	0,00	 104,00	4 808,00
2022.08.29 11:00:00	332	WIN@N	sell	in	1	113 905	332	0,00	0,00	0,00	4 808,00
2022.08.29 11:29:01	333	WIN@N	buy	out	1	114 475	333	0,00	0,00	- 114,00	4 694,00
2022.08.30 10:00:00	334	WIN@N	buy	in	1	114 105	334	0,00	0,00	0,00	4 694,00
2022.08.30 10:44:05	335	WIN@N	sell	out	1	113 540	335	0,00	0,00	- 113,00	4 581,00
2022.08.31 10:00:00	336	WIN@N	sell	in	1	112 380	336	0,00	0,00	0,00	4 581,00
2022.08.31 10:14:00	337	WIN@N	buy	out	1	111 845	337	0,00	0,00	 107,00	4 688,00
2022.09.01 11:00:00	338	WIN@N	buy	in	1	110 420	338	0,00	0,00	0,00	4 688,00
2022.09.01 11:13:06	339	WIN@N	sell	out	1	109 850	339	0,00	0,00	- 114,00	4 574,00
2022.09.02 10:00:00	340	WIN@N	sell	in	1	112 725	340	0,00	0,00	0,00	4 574,00
2022.09.02 10:59:08	341	WIN@N	buy	out	1	112 200	341	0,00	0,00	 105,00	4 679,00
2022.09.05 10:00:00	342	WIN@N	sell	in	1	113 120	342	0,00	0,00	0,00	4 679,00
2022.09.05 10:09:06	343	WIN@N	buy	out	1	113 690	343	0,00	0,00	- 114,00	4 565,00
2022.09.06 10:00:00	344	WIN@N	buy	in	1	112 465	344	0,00	0,00	0,00	4 565,00
2022.09.06 10:08:04	345	WIN@N	sell	out	1	111 890	345	0,00	0,00	- 115,00	4 450,00
2022.09.08 10:00:00	346	WIN@N	buy	in	1	111 475	346	0,00	0,00	0,00	4 450,00
2022.09.08 10:55:04	347	WIN@N	sell	out	1	111 995	347	0,00	0,00	 104,00	4 554,00
2022.09.09 10:00:00	348	WIN@N	sell	in	1	112 330	348	0,00	0,00	0,00	4 554,00
2022.09.09 10:08:07	349	WIN@N	buy	out	1	112 910	349	0,00	0,00	- 116,00	4 438,00
2022.09.12 10:00:00	350	WIN@N	sell	in	1	114 415	350	0,00	0,00	0,00	4 438,00
2022.09.12 10:19:04	351	WIN@N	buy	out	1	115 020	351	0,00	0,00	- 121,00	4 317,00
2022.09.13 10:00:00	352	WIN@N	buy	in	1	112 800	352	0,00	0,00	0,00	4 317,00
2022.09.13 10:31:04	353	WIN@N	sell	out	1	113 320	353	0,00	0,00	 104,00	4 421,00
2022.09.14 10:00:00	354	WIN@N	sell	in	1	111 695	354	0,00	0,00	0,00	4 421,00
2022.09.14 10:10:03	355	WIN@N	buy	out	1	111 125	355	0,00	0,00	 114,00	4 535,00
2022.09.15 10:00:00	356	WIN@N	buy	in	1	111 345	356	0,00	0,00	0,00	4 535,00
2022.09.15 10:52:07	357	WIN@N	sell	out	1	111 865	357	0,00	0,00	 104,00	4 639,00
2022.09.16 10:00:00	358	WIN@N	buy	in	1	109 915	358	0,00	0,00	0,00	4 639,00
2022.09.16 16:06:06	359	WIN@N	sell	out	1	110 450	359	0,00	0,00	 107,00	4 746,00
2022.09.19 10:00:00	360	WIN@N	sell	in	1	109 360	360	0,00	0,00	0,00	4 746,00
2022.09.19 10:36:01	361	WIN@N	buy	out	1	109 930	361	0,00	0,00	- 114,00	4 632,00
2022.09.20 10:00:00	362	WIN@N	buy	in	1	112 525	362	0,00	0,00	0,00	4 632,00
2022.09.20 10:03:04	363	WIN@N	sell	out	1	113 045	363	0,00	0,00	 104,00	4 736,00
2022.09.21 10:00:00	364	WIN@N	buy	in	1	113 350	364	0,00	0,00	0,00	4 736,00
2022.09.21 10:10:05	365	WIN@N	sell	out	1	113 875	365	0,00	0,00	 105,00	4 841,00
2022.09.22 10:00:00	366	WIN@N	sell	in	1	114 080	366	0,00	0,00	0,00	4 841,00
2022.09.22 10:21:03	367	WIN@N	buy	out	1	113 560	367	0,00	0,00	 104,00	4 945,00
2022.09.23 10:00:00	368	WIN@N	buy	in	1	112 710	368	0,00	0,00	0,00	4 945,00
2022.09.23 10:59:05	369	WIN@N	sell	out	1	112 130	369	0,00	0,00	- 116,00	4 829,00
2022.09.26 10:00:00	370	WIN@N	buy	in	1	111 295	370	0,00	0,00	0,00	4 829,00
2022.09.26 10:36:00	371	WIN@N	sell	out	1	111 810	371	0,00	0,00	 103,00	4 932,00
2022.09.27 10:00:00	372	WIN@N	sell	in	1	110 815	372	0,00	0,00	0,00	4 932,00
2022.09.27 10:15:04	373	WIN@N	buy	out	1	110 270	373	0,00	0,00	 109,00	5 041,00
2022.09.28 10:00:00	374	WIN@N	sell	in	1	108 900	374	0,00	0,00	0,00	5 041,00
2022.09.28 10:11:04	375	WIN@N	buy	out	1	108 330	375	0,00	0,00	 114,00	5 155,00
2022.09.29 10:00:00	376	WIN@N	buy	in	1	107 520	376	0,00	0,00	0,00	5 155,00
2022.09.29 10:09:05	377	WIN@N	sell	out	1	108 035	377	0,00	0,00	 103,00	5 258,00
2022.09.30 10:00:00	378	WIN@N	buy	in	1	107 850	378	0,00	0,00	0,00	5 258,00
2022.09.30 10:45:04	379	WIN@N	sell	out	1	108 380	379	0,00	0,00	 106,00	5 364,00
2022.10.03 10:00:00	380	WIN@N	buy	in	1	114 220	380	0,00	0,00	0,00	5 364,00
2022.10.03 10:33:08	381	WIN@N	sell	out	1	113 645	381	0,00	0,00	- 115,00	5 249,00
2022.10.04 10:00:00	382	WIN@N	sell	in	1	118 755	382	0,00	0,00	0,00	5 249,00
2022.10.04 10:13:06	383	WIN@N	buy	out	1	118 235	383	0,00	0,00	 104,00	5 353,00
2022.10.05 10:00:00	384	WIN@N	sell	in	1	116 785	384	0,00	0,00	0,00	5 353,00
2022.10.05 10:17:08	385	WIN@N	buy	out	1	116 255	385	0,00	0,00	 106,00	5 459,00
2022.10.06 10:00:00	386	WIN@N	sell	in	1	118 230	386	0,00	0,00	0,00	5 459,00
2022.10.06 10:16:05	387	WIN@N	buy	out	1	117 705	387	0,00	0,00	 105,00	5 564,00
2022.10.07 10:00:00	388	WIN@N	buy	in	1	117 420	388	0,00	0,00	0,00	5 564,00
2022.10.07 10:40:04	389	WIN@N	sell	out	1	117 935	389	0,00	0,00	 103,00	5 667,00
2022.10.10 10:00:00	390	WIN@N	sell	in	1	117 295	390	0,00	0,00	0,00	5 667,00
2022.10.10 10:10:03	391	WIN@N	buy	out	1	116 760	391	0,00	0,00	 107,00	5 774,00
2022.10.11 11:00:00	392	WIN@N	buy	in	1	115 220	392	0,00	0,00	0,00	5 774,00
2022.10.11 12:36:14	393	WIN@N	sell	out	1	115 740	393	0,00	0,00	 104,00	5 878,00
2022.10.13 10:00:00	394	WIN@N	buy	in	1	115 395	394	0,00	0,00	0,00	5 878,00
2022.10.13 10:24:01	395	WIN@N	sell	out	1	114 815	395	0,00	0,00	- 116,00	5 762,00
2022.10.14 10:00:00	396	WIN@N	sell	in	1	116 710	396	0,00	0,00	0,00	5 762,00
2022.10.14 10:44:04	397	WIN@N	buy	out	1	116 175	397	0,00	0,00	 107,00	5 869,00
2022.10.17 10:00:00	398	WIN@N	buy	in	1	114 810	398	0,00	0,00	0,00	5 869,00
2022.10.17 10:40:08	399	WIN@N	sell	out	1	115 325	399	0,00	0,00	 103,00	5 972,00
2022.10.18 10:00:00	400	WIN@N	sell	in	1	117 395	400	0,00	0,00	0,00	5 972,00
2022.10.18 11:33:14	401	WIN@N	buy	out	1	116 865	401	0,00	0,00	 106,00	6 078,00
2022.10.19 10:00:00	402	WIN@N	sell	in	1	117 825	402	0,00	0,00	0,00	6 078,00
2022.10.19 10:49:05	403	WIN@N	buy	out	1	117 295	403	0,00	0,00	 106,00	6 184,00
2022.10.20 10:00:00	404	WIN@N	sell	in	1	119 210	404	0,00	0,00	0,00	6 184,00
2022.10.20 13:01:03	405	WIN@N	buy	out	1	118 680	405	0,00	0,00	 106,00	6 290,00
2022.10.21 10:00:00	406	WIN@N	sell	in	1	118 620	406	0,00	0,00	0,00	6 290,00
2022.10.21 10:31:04	407	WIN@N	buy	out	1	119 190	407	0,00	0,00	- 114,00	6 176,00
2022.10.24 10:00:00	408	WIN@N	buy	in	1	120 375	408	0,00	0,00	0,00	6 176,00
2022.10.24 10:42:03	409	WIN@N	sell	out	1	119 795	409	0,00	0,00	- 116,00	6 060,00
2022.10.25 10:00:00	410	WIN@N	buy	in	1	117 525	410	0,00	0,00	0,00	6 060,00
2022.10.25 10:21:08	411	WIN@N	sell	out	1	116 955	411	0,00	0,00	- 114,00	5 946,00
2022.10.26 10:00:00	412	WIN@N	buy	in	1	115 180	412	0,00	0,00	0,00	5 946,00
2022.10.26 12:36:01	413	WIN@N	sell	out	1	115 700	413	0,00	0,00	 104,00	6 050,00
2022.10.27 10:00:00	414	WIN@N	sell	in	1	115 140	414	0,00	0,00	0,00	6 050,00
2022.10.27 10:15:01	415	WIN@N	buy	out	1	114 625	415	0,00	0,00	 103,00	6 153,00
2022.10.28 10:00:00	416	WIN@N	sell	in	1	115 165	416	0,00	0,00	0,00	6 153,00
2022.10.28 10:17:07	417	WIN@N	buy	out	1	115 745	417	0,00	0,00	- 116,00	6 037,00
2022.10.31 10:00:00	418	WIN@N	sell	in	1	113 410	418	0,00	0,00	0,00	6 037,00
2022.10.31 10:14:59	419	WIN@N	buy	out	1	113 990	419	0,00	0,00	- 116,00	5 921,00
2022.11.01 10:00:00	420	WIN@N	sell	in	1	118 905	420	0,00	0,00	0,00	5 921,00
2022.11.01 10:23:06	421	WIN@N	buy	out	1	118 360	421	0,00	0,00	 109,00	6 030,00
2022.11.03 10:00:00	422	WIN@N	sell	in	1	116 725	422	0,00	0,00	0,00	6 030,00
2022.11.03 10:17:08	423	WIN@N	buy	out	1	116 190	423	0,00	0,00	 107,00	6 137,00
2022.11.04 10:00:00	424	WIN@N	sell	in	1	120 735	424	0,00	0,00	0,00	6 137,00
2022.11.04 10:10:03	425	WIN@N	buy	out	1	121 305	425	0,00	0,00	- 114,00	6 023,00
2022.11.07 10:00:00	426	WIN@N	buy	in	1	118 665	426	0,00	0,00	0,00	6 023,00
2022.11.07 10:12:03	427	WIN@N	sell	out	1	119 210	427	0,00	0,00	 109,00	6 132,00
2022.11.08 10:00:00	428	WIN@N	buy	in	1	115 835	428	0,00	0,00	0,00	6 132,00
2022.11.08 10:13:06	429	WIN@N	sell	out	1	116 370	429	0,00	0,00	 107,00	6 239,00
2022.11.09 10:00:00	430	WIN@N	buy	in	1	116 490	430	0,00	0,00	0,00	6 239,00
2022.11.09 10:26:02	431	WIN@N	sell	out	1	117 015	431	0,00	0,00	 105,00	6 344,00
2022.11.10 10:00:00	432	WIN@N	buy	in	1	112 020	432	0,00	0,00	0,00	6 344,00
2022.11.10 10:32:00	433	WIN@N	sell	out	1	112 600	433	0,00	0,00	 116,00	6 460,00
2022.11.11 10:00:00	434	WIN@N	buy	in	1	110 640	434	0,00	0,00	0,00	6 460,00
2022.11.11 10:09:07	435	WIN@N	sell	out	1	111 175	435	0,00	0,00	 107,00	6 567,00
2022.11.14 10:00:00	436	WIN@N	sell	in	1	114 980	436	0,00	0,00	0,00	6 567,00
2022.11.14 10:12:04	437	WIN@N	buy	out	1	114 455	437	0,00	0,00	 105,00	6 672,00
2022.11.16 10:00:00	438	WIN@N	sell	in	1	114 045	438	0,00	0,00	0,00	6 672,00
2022.11.16 10:19:06	439	WIN@N	buy	out	1	113 500	439	0,00	0,00	 109,00	6 781,00
2022.11.17 11:00:00	440	WIN@N	buy	in	1	108 495	440	0,00	0,00	0,00	6 781,00
2022.11.17 11:48:14	441	WIN@N	sell	out	1	109 020	441	0,00	0,00	 105,00	6 886,00
2022.11.18 10:00:00	442	WIN@N	sell	in	1	111 760	442	0,00	0,00	0,00	6 886,00
2022.11.18 10:40:00	443	WIN@N	buy	out	1	112 330	443	0,00	0,00	- 114,00	6 772,00
2022.11.21 10:00:00	444	WIN@N	sell	in	1	110 475	444	0,00	0,00	0,00	6 772,00
2022.11.21 10:50:04	445	WIN@N	buy	out	1	111 060	445	0,00	0,00	- 117,00	6 655,00
2022.11.22 10:00:00	446	WIN@N	sell	in	1	111 055	446	0,00	0,00	0,00	6 655,00
2022.11.22 10:23:03	447	WIN@N	buy	out	1	110 530	447	0,00	0,00	 105,00	6 760,00
2022.11.23 10:00:00	448	WIN@N	buy	in	1	108 920	448	0,00	0,00	0,00	6 760,00
2022.11.23 10:22:06	449	WIN@N	sell	out	1	109 445	449	0,00	0,00	 105,00	6 865,00
2022.11.24 10:00:00	450	WIN@N	sell	in	1	110 440	450	0,00	0,00	0,00	6 865,00
2022.11.24 10:54:06	451	WIN@N	buy	out	1	111 005	451	0,00	0,00	- 113,00	6 752,00
2022.11.25 10:00:00	452	WIN@N	sell	in	1	112 510	452	0,00	0,00	0,00	6 752,00
2022.11.25 10:16:04	453	WIN@N	buy	out	1	111 970	453	0,00	0,00	 108,00	6 860,00
2022.11.28 10:00:00	454	WIN@N	sell	in	1	109 595	454	0,00	0,00	0,00	6 860,00
2022.11.28 10:11:05	455	WIN@N	buy	out	1	109 070	455	0,00	0,00	 105,00	6 965,00
2022.11.29 10:00:00	456	WIN@N	buy	in	1	110 000	456	0,00	0,00	0,00	6 965,00
2022.11.29 11:15:07	457	WIN@N	sell	out	1	110 525	457	0,00	0,00	 105,00	7 070,00
2022.11.30 10:00:00	458	WIN@N	buy	in	1	111 525	458	0,00	0,00	0,00	7 070,00
2022.11.30 10:25:07	459	WIN@N	sell	out	1	112 050	459	0,00	0,00	 105,00	7 175,00
2022.12.01 10:00:00	460	WIN@N	buy	in	1	112 045	460	0,00	0,00	0,00	7 175,00
2022.12.01 12:23:08	461	WIN@N	sell	out	1	111 455	461	0,00	0,00	- 118,00	7 057,00
2022.12.02 10:00:00	462	WIN@N	sell	in	1	111 760	462	0,00	0,00	0,00	7 057,00
2022.12.02 10:30:01	463	WIN@N	buy	out	1	111 105	463	0,00	0,00	 131,00	7 188,00
2022.12.05 10:00:00	464	WIN@N	buy	in	1	111 715	464	0,00	0,00	0,00	7 188,00
2022.12.05 10:24:07	465	WIN@N	sell	out	1	112 230	465	0,00	0,00	 103,00	7 291,00
2022.12.06 10:00:00	466	WIN@N	sell	in	1	110 465	466	0,00	0,00	0,00	7 291,00
2022.12.06 10:12:04	467	WIN@N	buy	out	1	109 925	467	0,00	0,00	 108,00	7 399,00
2022.12.07 10:00:00	468	WIN@N	sell	in	1	109 830	468	0,00	0,00	0,00	7 399,00
2022.12.07 10:56:01	469	WIN@N	buy	out	1	110 400	469	0,00	0,00	- 114,00	7 285,00
2022.12.08 10:00:00	470	WIN@N	buy	in	1	108 870	470	0,00	0,00	0,00	7 285,00
2022.12.08 10:57:14	471	WIN@N	sell	out	1	109 400	471	0,00	0,00	 106,00	7 391,00
2022.12.09 10:00:00	472	WIN@N	sell	in	1	108 145	472	0,00	0,00	0,00	7 391,00
2022.12.09 10:16:06	473	WIN@N	buy	out	1	107 625	473	0,00	0,00	 104,00	7 495,00
2022.12.12 10:00:00	474	WIN@N	buy	in	1	107 200	474	0,00	0,00	0,00	7 495,00
2022.12.12 10:44:05	475	WIN@N	sell	out	1	106 630	475	0,00	0,00	- 114,00	7 381,00
2022.12.13 10:00:00	476	WIN@N	sell	in	1	105 655	476	0,00	0,00	0,00	7 381,00
2022.12.13 10:30:14	477	WIN@N	buy	out	1	106 225	477	0,00	0,00	- 114,00	7 267,00
2022.12.14 10:00:00	478	WIN@N	buy	in	1	104 580	478	0,00	0,00	0,00	7 267,00
2022.12.14 11:53:05	479	WIN@N	sell	out	1	104 005	479	0,00	0,00	- 115,00	7 152,00
2022.12.15 11:00:00	480	WIN@N	sell	in	1	106 090	480	0,00	0,00	0,00	7 152,00
2022.12.15 11:23:08	481	WIN@N	buy	out	1	106 675	481	0,00	0,00	- 117,00	7 035,00
2022.12.16 10:00:00	482	WIN@N	sell	in	1	105 525	482	0,00	0,00	0,00	7 035,00
2022.12.16 11:14:07	483	WIN@N	buy	out	1	105 005	483	0,00	0,00	 104,00	7 139,00
2022.12.19 11:00:00	484	WIN@N	sell	in	1	105 235	484	0,00	0,00	0,00	7 139,00
2022.12.19 11:32:03	485	WIN@N	buy	out	1	105 825	485	0,00	0,00	- 118,00	7 021,00
2022.12.20 10:00:00	486	WIN@N	buy	in	1	106 305	486	0,00	0,00	0,00	7 021,00
2022.12.20 10:14:03	487	WIN@N	sell	out	1	106 855	487	0,00	0,00	 110,00	7 131,00
2022.12.21 10:00:00	488	WIN@N	buy	in	1	109 210	488	0,00	0,00	0,00	7 131,00
2022.12.21 10:03:01	489	WIN@N	sell	out	1	109 745	489	0,00	0,00	 107,00	7 238,00
2022.12.22 10:00:00	490	WIN@N	sell	in	1	109 555	490	0,00	0,00	0,00	7 238,00
2022.12.22 11:07:04	491	WIN@N	buy	out	1	109 005	491	0,00	0,00	 110,00	7 348,00
2022.12.23 10:00:00	492	WIN@N	sell	in	1	109 850	492	0,00	0,00	0,00	7 348,00
2022.12.23 10:37:04	493	WIN@N	buy	out	1	110 435	493	0,00	0,00	- 117,00	7 231,00
2022.12.26 11:00:00	494	WIN@N	buy	in	1	110 350	494	0,00	0,00	0,00	7 231,00
2022.12.26 12:21:14	495	WIN@N	sell	out	1	110 885	495	0,00	0,00	 107,00	7 338,00
2022.12.27 10:00:00	496	WIN@N	buy	in	1	110 890	496	0,00	0,00	0,00	7 338,00
2022.12.27 10:31:04	497	WIN@N	sell	out	1	110 320	497	0,00	0,00	- 114,00	7 224,00
2022.12.28 10:00:00	498	WIN@N	sell	in	1	110 745	498	0,00	0,00	0,00	7 224,00
2022.12.28 10:57:03	499	WIN@N	buy	out	1	111 315	499	0,00	0,00	- 114,00	7 110,00
2022.12.29 10:00:00	500	WIN@N	sell	in	1	112 665	500	0,00	0,00	0,00	7 110,00
2022.12.29 11:05:07	501	WIN@N	buy	out	1	112 125	501	0,00	0,00	 108,00	7 218,00
